index,y
0,9.692368902658426
1,6.722914201211344
2,5.9150365980398565
3,4.230710392911951
4,3.0379428207905037
5,3.2437542843678333
6,3.377843113515259
7,1.1142333652532832
8,4.998308486690519
9,-0.4570086978605323
10,12.746496053384009
11,2.4065868061249094
12,10.782464330395646
13,0.12724897583364847
14,11.30616094199024
15,9.29988898519949
16,1.5834882004652464
17,12.474829024076648
18,-0.9068836761255411
19,13.310985488157465
20,-1.3286284660595509
21,20.243050705604592
22,8.324186135080065
23,-0.25532370776746593
24,18.73324064855183
25,1.87932840263566
26,11.402350731402162
27,16.201210887573712
28,-1.5198200978808767
29,16.484760373724658
30,5.075180528303797
31,0.1535753155697046
32,17.277961069020776
33,7.56159561990799
34,3.8196607607852693
35,15.96365173785017
36,-0.48864667988445176
37,7.42038390518148
38,15.72842025175921
39,-2.223648453926309
40,8.198532493517117
41,8.253200765016278
42,14.907463347347791
43,17.737497805730406
44,5.952276682183838
45,18.368324922032404
46,5.639462592880678
47,19.49984739194773
48,-1.4950019640070547
49,18.12251525090044
50,10.32135692429482
51,9.110149066245645
52,8.889296716429303
53,15.919027235310857
54,13.014213962780046
55,7.157184216051218
56,14.259113334733858
57,5.538479918672988
58,7.7420980190860895
59,11.238259815930967
60,3.5495370519917664
61,2.8574011225158937
62,3.0155970925402173
63,5.26606855049529
64,4.716192624918227
65,6.278824363619677
66,6.0485543312910615
67,2.332591848965082
68,4.330721868108519
69,3.7959227528180426
70,5.3697401406496335
71,5.412515574959712
72,5.87727401634716
73,11.131561407286451
74,6.1400060121244735
75,3.7840385001430574
76,5.752105234542748
77,-0.04494725340466051
78,1.628167345673914
79,2.3208925281048645
80,2.564498088623717
81,8.61656535530262
82,4.30752693051076
83,5.668338899681897
84,1.1518297778851059
85,8.02479097252949
86,1.8640827052473532
87,9.062990204934382
88,8.652012215877479
89,11.349737748699136
90,21.251237396225992
91,-0.4967966084641145
92,15.951632489339119
93,-0.5987471055647873
94,12.813555956072035
95,12.326921635373292
96,-1.9834202856640994
97,26.186820947266323
98,7.5006296474178775
99,0.11406417917643599
100,17.1998632683008
101,0.8287410708429691
102,9.040138222852267
103,14.206934398829361
104,-1.4135368162352941
105,10.084334930008309
106,25.558503140185906
107,1.6642829220395705
108,-0.07171712375686314
109,15.510255790283107
110,17.903644196206816
111,0.19094404299091802
112,3.4707739194248255
113,22.50500251358792
114,6.526775435110317
115,-2.821765915892971
116,18.879579596008032
117,11.528581285918207
118,-3.4001018295312777
119,9.245343751825072
120,23.938848257656158
121,2.3063148600026975
122,10.817020139147036
123,10.669342087801423
124,-1.8160918064686544
125,19.081635640678357
126,4.5553796305098215
127,4.083628771093314
128,7.576500215862397
129,1.4393636603809952
130,5.948689886460521
131,6.5309972388701905
132,4.50706234519723
133,12.79436972780514
134,6.720786142515635
135,5.993600465731538
136,6.797401887634633
137,13.588810717919452
138,9.709253421444444
139,6.262028024204153
140,1.7783283139552966
141,3.166649422627841
142,2.794355456092914
143,4.939387489666711
144,2.333819334724461
145,2.772723731471178
146,2.94788428732537
147,2.4979092203296993
148,5.493758804118554
149,3.014469114988674
150,7.038302128045596
151,4.307671218210799
152,4.954984775440872
153,7.715860000530304
154,4.571616517590702
155,3.140267102068225
156,4.071976162247677
157,5.2526704201810634
158,4.740179930251423
159,2.4750402476720836
160,4.714360020999149
161,3.636729611753318
162,5.540531890103303
163,3.7728568732126972
164,2.6979088426197677
165,1.0592192687729884
166,4.806947292225139
167,1.536992632649671
168,4.515948713356164
169,5.820895853775416
170,-0.16544805795320738
171,11.341300779852565
172,0.6865842594596056
173,10.796118136376723
174,7.76802323175812
175,-3.323311837216492
176,18.23659335192899
177,8.091451111013859
178,3.598764914631164
179,21.790173475109224
180,-1.387731188696949
181,12.096287084108992
182,10.211790088158482
183,-2.410891172442445
184,10.824792825935482
185,17.72473776949009
186,2.88244584443213
187,2.7219461709655706
188,20.632373691103417
189,4.696896500652214
190,-1.0405941609772333
191,15.781397851244728
192,16.024624868721173
193,0.44592034471159403
194,-0.2030969950058103
195,15.336154048073078
196,6.562065894250894
197,-1.3325494155737927
198,23.850210185829745
199,11.682329021547712
200,-3.296676212058318
201,7.597751577383198
202,4.5712081302199685
203,1.2114330350797442
204,21.497034969848624
205,-1.261502195775013
206,20.61253089593228
207,16.458067972700437
208,-0.4773256211577245
209,22.00983903123743
210,-2.5006268279600614
211,18.645311040286472
212,3.6259961394901596
213,8.180016161229734
214,3.165836113494146
215,11.767247481599464
216,14.736010711036794
217,8.237012198403544
218,6.318731865954569
219,9.697298255142638
220,11.10630321726928
221,3.406982364068939
222,6.514742930739586
223,6.797604529022687
224,5.789399979735275
225,5.0984979262259005
226,4.127447227629932
227,5.059023984447473
228,3.2366762233709103
229,4.766040011561472
230,0.5272624753560466
231,3.3430345042515746
232,1.3552098876471668
233,4.337625764125729
234,2.9483077391654486
235,4.295637095993547
236,4.184691521508833
237,3.9329692766517796
238,2.124119459662912
239,2.8046449620208582
240,5.287624532767726
241,2.9155138385717514
242,4.261975461597339
243,7.305505498667713
244,2.4549194387921345
245,-1.0048819007644152
246,5.494363363557388
247,13.83935483728422
248,0.9449280876413595
249,4.046210690730073
250,18.209323611775144
251,7.721837779060883
252,-1.598491918860924
253,7.29846434893351
254,24.193764806499946
255,7.866811847299138
256,-0.7913126992830405
257,13.960809141823738
258,12.751243207821801
259,4.224376786061848
260,-1.8402671463041174
261,12.448697897385314
262,40.313665970138175
263,4.417851172408091
264,5.601356870343379
265,13.601965948917249
266,-2.6096389776154614
267,4.9011541859704835
268,5.108880359626639
269,16.84681815178624
270,30.614567452251066
271,14.552607946541844
272,3.901276361245338
273,-1.1210549884809056
274,7.148208756190143
275,34.74149246695205
276,22.46156367435089
277,-2.6241953760686743
278,1.9656624402131426
279,1.2479510313248532
280,16.50751554613908
281,15.811264289845955
282,-1.347330223450862
283,2.467442077669083
284,27.686220053088416
285,7.143194661300383
286,2.5489868012919694
287,21.257738912540827
288,-2.290494105613862
289,14.593522906942527
290,7.735251573866781
291,9.119656398071797
292,9.281324401233993
293,5.46944431868557
294,13.775911430125863
295,4.669178715489925
296,22.42661945981312
297,5.702104163799863
298,15.710577715917962
299,2.639364874877588
300,8.643839422091265
301,5.887171149812208
302,2.8294335331476175
303,2.4136244246221987
304,5.480149107524588
305,4.89860185279333
306,4.2721698518745
307,4.707734748102078
308,3.425748879600852
309,3.7024144321875334
310,4.492924343349369
311,2.641890181378055
312,2.9097422190463997
313,7.610739578705561
314,2.3209453680055283
315,1.6048343213443164
316,4.156454819782909
317,7.4501091758131635
318,4.4798245017133125
319,4.246170642599462
320,5.806759234872885
321,4.887703219469082
322,7.692707949974562
323,3.135006409929959
324,2.5091152459476
325,4.5495640879072115
326,6.051627362609798
327,1.7077041334793583
328,1.986872065241353
329,9.600390091711143
330,17.136014654262755
331,-0.5723674601756479
332,12.56936596775557
333,-1.1980066125634903
334,9.706514848762765
335,15.344201103918303
336,-3.550879384246556
337,20.84695183135499
338,4.077058285067781
339,12.584303896335832
340,13.992759803698233
341,-3.194400830710885
342,11.084034433636047
343,8.204132334314801
344,-2.8023714182425885
345,20.884668562611562
346,4.792124110065156
347,4.560269337148044
348,24.12320270698335
349,0.8860122305864228
350,0.989889381596905
351,14.252686740315696
352,13.012803669273064
353,-0.5901924560123534
354,5.977948612508115
355,15.97261664994672
356,-0.7096847453398468
357,5.552047850049338
358,23.929546725793617
359,6.401943536812146
360,-1.3340792878721883
361,15.318662211274544
362,20.264122575832843
363,2.302912468422982
364,-1.4953152842495412
365,10.692230517338992
366,17.63001340067953
367,0.29622358276205735
368,-0.5164838051231911
369,17.57275840514446
370,9.767535233161405
371,-2.0753749925476557
372,19.42406547147043
373,9.06279396076091
374,-3.5365961811064164
375,14.96791580349475
376,10.157078631916331
377,1.1676432657788043
378,28.802558938036828
379,1.6261848000840218
380,8.598272267490684
381,5.453403973878763
382,7.965120360455766
383,3.957414383760878
384,6.777658988730191
385,6.728731559398926
386,6.6997867355086544
387,3.77554845792507
388,5.8511701469759005
389,3.6514759704447712
390,6.357640560307384
391,3.663844360582191
392,2.3014273761271418
393,3.347626128096557
394,9.492122991477752
395,8.83979473897337
396,4.745148445836801
397,4.342468703914304
398,4.263246486616004
399,7.3364123476988885
400,2.831066062711134
401,4.413257155179926
402,5.849545168632188
403,8.797191912372575
404,3.9866799137471514
405,7.612330494984568
406,2.7188464684410496
407,13.941430951618546
408,4.156017008920685
409,14.200152843814605
410,3.6557191235288315
411,11.87816951775129
412,4.654233264659737
413,8.408442282126131
414,11.280585674082014
415,-0.41832088747369955
416,25.496068595782585
417,0.5374093392595747
418,12.557877131743602
419,21.902123584349813
420,0.989674211206018
421,23.119113114021086
422,-1.1977310139444959
423,9.951821504731544
424,18.734636732653236
425,-1.3886799915481798
426,6.662737996889763
427,24.431644209475728
428,8.449080779019699
429,-2.4388251459924977
430,15.456224228363796
431,9.541479977442805
432,-1.9524917083129631
433,19.44486146840462
434,19.562696183007393
435,1.7762154641753805
436,27.031148193071378
437,1.7711529766296317
438,15.135109554387155
439,7.375652899120813
440,12.007507679092662
441,16.887032616842504
442,3.3764224627275747
443,9.708271133663867
444,0.39475956352391417
445,4.256160576765794
446,3.828527089316746
447,2.7752620221233952
448,6.078281047354394
449,6.0928385102670575
450,4.344029968400156
451,9.814541358968073
452,7.770867852635681
453,11.709999807217581
454,7.783954905079598
455,7.541574713981249
456,6.138666051014476
457,5.970341327154423
458,13.031697444375446
459,10.43773714382327
460,-0.844768454933584
461,1.6834900705190816
462,5.544171436174929
463,5.172932473353915
464,7.367022546958057
465,4.934177909468795
466,8.063117030357667
467,7.312468115171709
468,4.528326821012512
469,3.7259119920639843
470,5.788136003746263
471,3.3424020758072994
472,3.018356919873923
473,4.8433066619947995
474,3.140312409807578
475,11.123038098706877
476,3.3783022891267556
477,1.1477476529241364
478,6.1010432273135535
479,6.729884945024201
480,6.975926146296996
481,2.055133815131331
482,6.154156078335425
483,8.580416612913348
484,2.4797268260387355
485,5.060131499825175
486,5.244872751804976
487,5.112661050882297
488,4.955406115057124
489,8.285875564861353
490,20.398112655300633
491,13.541209173054071
492,6.450877418824923
493,4.871510962465029
494,3.58670303090363
495,13.55482178763261
496,4.434377200873978
497,7.760566903964336
498,11.216515188912947
499,10.374254283632103
500,10.146722459331826
501,5.3326424382767375
502,14.45092041662959
503,0.1320810099959002
504,16.528512555048824
505,-1.5435827141583778
506,15.069603272772921
507,6.379574502431823
508,3.575093360511551
509,18.34592624576093
510,-2.6860903637823967
511,13.455477306408133
512,6.208491577779099
513,0.9780738667111964
514,11.524082728481492
515,2.9602530818161923
516,9.22980563050965
517,4.104699548454515
518,20.54749919822327
519,-4.298896888917635
520,19.915620679481588
521,15.338555006011456
522,-0.08705552049708715
523,10.871561982670023
524,-0.12118902284438711
525,15.730100013500923
526,1.000564491170825
527,4.64473459204386
528,4.134989922913368
529,3.2776069607964806
530,11.585227823496957
531,8.644107336444025
532,11.08486287151915
533,7.42315520982777
534,6.463844235702041
535,9.46867481005857
536,5.720390166077869
537,5.96457489534503
538,6.8410049724613895
539,7.176136102815196
540,3.363800020197433
541,1.5382279800571323
542,4.875271979925322
543,9.804843378780475
544,3.5063811462756678
545,7.268955355983256
546,7.143476498782527
547,5.483798057856961
548,6.194195343207413
549,2.2951240563134587
550,2.2572728426355355
551,5.251498003985417
552,6.382496347582782
553,7.088786476552272
554,4.299540862291968
555,1.7187650911850136
556,4.392604330694906
557,6.8135520628767985
558,5.231374167083558
559,5.898181296770133
560,3.0423796550758833
561,2.3262029859392124
562,5.788494635868553
563,9.58529633311254
564,3.4131165964065584
565,4.523104924307598
566,1.754182428298435
567,13.125558902893184
568,2.8136583237707535
569,14.442626334787265
570,8.500777816551945
571,11.845346401042171
572,9.838265064894443
573,1.087698279483696
574,19.5255911789339
575,-2.5343453323882357
576,18.157833232208365
577,4.540345743658388
578,8.630267227396406
579,16.19094119636288
580,-2.515690408604862
581,18.48040110011541
582,5.323233749855832
583,1.105308964726692
584,16.374144287670145
585,1.1193781444730864
586,8.621773387631636
587,9.235523487392149
588,-1.673582085682145
589,20.197133741534117
590,18.964322134516404
591,-1.345058208148594
592,8.517428182340147
593,10.411852195522535
594,-0.11659176884251377
595,16.39967578738187
596,2.105959127856769
597,4.7097922136736265
598,14.927190910988768
599,-1.9139413228409259
600,15.305735676567572
601,5.2822373403891145
602,8.521799998433726
603,3.042361435358185
604,1.719253092919875
605,4.0333727481103026
606,8.283852448548686
607,6.43622150657583
608,11.249634826747814
609,5.1069695139278615
610,8.098189708717156
611,8.737458389191964
612,6.590003396863328
613,5.144300431367537
614,2.9427682163630458
615,15.931824927573755
616,11.424540945291039
617,5.969208952899226
618,10.444417406536823
619,5.287643065125377
620,3.8786715600605404
621,5.649481897187844
622,3.0699237903720076
623,4.321025369785357
624,2.9558301373551936
625,3.3078479207041327
626,8.110345552165013
627,6.348217224571761
628,5.654140449858604
629,2.734679580301073
630,3.7364811917856566
631,6.773813299278636
632,2.707903330242198
633,2.2261673649835485
634,2.6526335987935106
635,5.485291149346781
636,1.6996369850636253
637,5.384700183493597
638,7.555888846476968
639,4.541039098223766
640,5.097935594324612
641,2.1034484412797165
642,1.9530753418136575
643,6.766543076306101
644,4.962528643404125
645,2.166443843904293
646,3.300508416825286
647,3.591417429908713
648,3.5071125584021625
649,5.973462929663109
650,6.525130222818312
651,9.541766328048626
652,5.530562023234684
653,3.126944824224997
654,11.547112116410489
655,6.57928372011234
656,9.25854458434623
657,3.763516082269718
658,10.746986342612958
659,9.132259934171655
660,7.330184111642847
661,12.060228976203986
662,4.724657054411995
663,10.121020903387649
664,6.108105230703365
665,10.131164951402189
666,9.496657157248963
667,11.621102204950388
668,13.022084504953403
669,1.189798356288436
670,21.959992184294112
671,-2.5006038315727697
672,17.094807235900625
673,4.620195561116776
674,5.430085294226713
675,15.930690304709971
676,-2.960316911825538
677,16.526047332935995
678,1.358605427853715
679,20.741918250008887
680,13.303651440988402
681,3.1688018170354453
682,18.1365941562074
683,1.3846166803081816
684,10.402417339222852
685,0.2950233754871298
686,11.414220939995396
687,10.303541289321252
688,7.220879402494802
689,13.213513428088463
690,8.304195284023049
691,9.573635461284587
692,8.644531052320286
693,7.392655919073344
694,6.835398492085418
695,4.48026327270663
696,12.30114257817249
697,5.781305096085024
698,6.841790304820824
699,6.133366601852465
700,9.69734813296584
701,5.84433373899923
702,5.636366579965448
703,6.875952604674709
704,9.715644974582103
705,5.579281175239146
706,7.889843496760528
707,2.2159011315631942
708,4.878502569700337
709,6.416818625225519
710,3.4451953378321747
711,5.188775311646255
712,5.170508764600999
713,4.577045120478098
714,5.4882731574703385
715,7.663381520157823
716,1.7996201350093963
717,2.1911911079442707
718,5.021287431620888
719,6.672638454101032
720,2.0167099507463697
721,2.058824819040597
722,5.239811486423493
723,3.547187168119258
724,10.137698825898358
725,2.12227410484463
726,4.741736458708083
727,10.471500707165294
728,3.715543601371245
729,10.784003976256882
730,13.343119324859211
731,12.091028648019373
732,4.212352877354979
733,13.139452760938221
734,-0.6201348628701833
735,17.683644945159415
736,0.08910045291326796
737,7.881372417111458
738,18.958948531628085
739,1.3610801061633797
740,14.314374731385383
741,0.13526365220378936
742,20.442488475946966
743,5.191544798444498
744,0.18492356544170757
745,20.595071669208792
746,7.814625717865394
747,2.6943028244756864
748,24.453741292411323
749,8.714215810717867
750,-2.183640376250122
751,17.05397698166104
752,15.083750769366121
753,-4.954036017912672
754,19.00379135312072
755,25.51849235380437
756,0.8085772920048403
757,25.42362146491982
758,2.0684307692657438
759,16.565100891468614
760,14.203009531634144
761,-1.4561902779682685
762,22.619204980055788
763,4.641535844963148
764,14.26466287249257
765,6.547133352308361
766,13.987678491200409
767,1.8410350290420288
768,5.980651442474364
769,3.5874037535640855
770,5.1945559902923
771,3.8901067043168798
772,7.09106292733095
773,1.2163317126620798
774,9.409863452878296
775,7.612718675682867
776,10.362194052595102
777,10.361857880640727
778,13.29137632279607
779,2.9721496827826233
780,3.8104568990079013
781,2.028812132982732
782,3.7495222360652964
783,2.816857115968507
784,5.5374702475113695
785,6.952195260806897
786,0.14479375777521614
787,5.604192864848554
788,8.69355947947746
789,1.8937243993620887
790,7.838410209055987
791,6.029966279339788
792,-0.1314123885972818
793,2.5876895309113097
794,2.6052887008140404
795,5.036160931452656
796,5.413741332543985
797,-0.5403588877562824
798,4.130074796288933
799,5.155720087922302
800,7.257679181339008
801,6.898223070556351
802,2.0866039157515917
803,2.544497961261756
804,2.1403353458886674
805,5.473141388323552
806,3.7982846953426477
807,1.6933360432177311
808,3.453292490695179
809,4.180820157717433
810,7.051858103048901
811,3.104153713363762
812,8.510594674184084
813,0.534757819801953
814,11.293070179885321
815,4.253016919838006
816,15.030394189285841
817,7.326881510602955
818,9.827585567704674
819,5.44967158764393
820,9.479424210162694
821,2.5809651752773526
822,14.420319443080043
823,-0.273694346672626
824,17.53198345836061
825,7.029948825130877
826,9.487102102878964
827,2.1770421949125045
828,11.943256028121187
829,-1.8528097440085334
830,13.121963115466139
831,7.331196398944034
832,2.22708624936226
833,19.911597306894414
834,-2.5822660008862743
835,13.769428796952546
836,13.00967731946089
837,2.5805734397901907
838,24.248663343126598
839,-0.47455768822790656
840,13.532861193222411
841,6.274324144559317
842,5.4906097414543344
843,5.7971365022420605
844,4.9245024934107935
845,3.613087832699744
846,7.599092578772818
847,3.1324942979905144
848,11.523442992649791
849,9.698210762911007
850,5.972906465282097
851,10.434603451566522
852,7.935124066147151
853,10.279351668724766
854,7.716864494119297
855,8.901561581764744
856,9.93063639536022
857,12.632156204557946
858,0.43198911510551485
859,6.314371124253849
860,3.1301300257527633
861,5.411660831535982
862,7.120656015214827
863,5.656247239104203
864,7.165733117730466
865,6.954072913712038
866,6.429557923146769
867,6.955510246249768
868,3.248088827891843
869,3.402864092225268
870,2.6487546950795076
871,5.536088568640056
872,7.066552098428455
873,3.348133550122395
874,1.6277904564790004
875,13.402770396642541
876,5.2690265365987194
877,3.7216281995220344
878,4.455272178918515
879,2.517548937067341
880,3.053915646136064
881,4.747946408082249
882,5.265202711218383
883,7.225081975533539
884,9.744755294619033
885,8.081902641384465
886,2.173318698343199
887,9.079649401861609
888,3.9777855740415897
889,9.76244086135866
890,5.145611569003054
891,19.745000138089587
892,1.0990825384834058
893,21.333693978522465
894,-1.360805331088237
895,19.11307659658875
896,5.608118559693856
897,10.014950565052615
898,14.549093037255695
899,7.210980030462879
900,18.953476369416908
901,-2.388468908202466
902,20.71441513391376
903,2.917465640460033
904,3.4767253920010983
905,13.230161457439392
906,2.3635120576769433
907,23.776166295994646
908,5.818288621617163
909,-0.35182115299176253
910,19.55439503896579
911,6.863960215618128
912,-0.8980282042061756
913,19.06191721059122
914,8.639659536168724
915,1.077233469373287
916,17.144596722850782
917,9.689725245045993
918,1.6869679412152414
919,17.06010380908623
920,-1.340147888161646
921,5.974323269828264
922,0.4287843757473886
923,9.149354198460728
924,5.412455945388137
925,1.8011382349913727
926,10.038356831046475
927,1.8040593126507767
928,8.677219289464299
929,4.52038584970155
930,10.198049614587385
931,3.113091129100283
932,6.392804658692593
933,5.3322582438585755
934,9.32364585940856
935,10.726368613093952
936,13.07018304476568
937,7.402759252341468
938,15.994517694737135
939,9.049966857630475
940,3.576839615004861
941,1.899550616165895
942,5.548499119356535
943,2.27043363041879
944,2.8298751956274284
945,6.309658895701905
946,8.912555349563887
947,11.09118985407579
948,1.0687965609161298
949,4.942670237093136
950,7.060652871117049
951,3.5041256281692763
952,1.3695706509682677
953,1.9846922321282612
954,4.562557221079232
955,8.338720595665315
956,3.6911680227482315
957,5.654500554591106
958,8.74093745172595
959,4.651639770168828
960,5.691330024161289
961,2.384731969993022
962,10.040204718642835
963,11.185379181955582
964,2.093498370822815
965,2.452681411373928
966,6.6524594172570035
967,6.086313937847998
968,1.4508691002915324
969,6.2550374881504025
970,13.683440455249283
971,2.6913716732044195
972,13.53025188762855
973,-0.48918043327849675
974,13.642698116575525
975,3.4409401094211676
976,6.231196412107081
977,17.220781135183667
978,-0.9834618824622693
979,16.80254475693849
980,-0.29473080897963183
981,16.158334487550395
982,3.9771238895292442
983,8.418510168046579
984,18.54809012893721
985,-3.7435361217222365
986,20.79162803212874
987,9.169322309097154
988,3.002835902241516
989,17.157895176787342
990,-1.9564290292523705
991,5.169187360203165
992,18.11228653669729
993,4.65467546040091
994,3.4988009085934113
995,19.217473089141304
996,15.926093643308398
997,0.37321992583749647
998,0.24550406423208762
999,20.91449844940915
1000,6.853481824677051
1001,3.189416531837166
1002,15.124410875366484
1003,-1.1854341581203065
1004,11.989906094160965
1005,0.4311599753023007
1006,6.158935271961057
1007,-0.3434287148640115
1008,8.246729920663144
1009,3.69595822642683
1010,7.090847885682646
1011,3.4486170639507683
1012,5.203354527325031
1013,5.9941816452395456
1014,29.634731209000346
1015,27.611568053692384
1016,15.84862103433978
1017,9.971453131078707
1018,18.111387442495417
1019,20.858544214720848
1020,7.709648599506923
1021,0.47277557894324174
1022,2.9642604135780335
1023,9.450872786466626
1024,2.6940143154407044
1025,0.23972672160661515
1026,10.635013358053325
1027,12.186543096216608
1028,12.762689948091378
1029,54.7920341189071
1030,14.867753398566991
1031,2.9724448026426535
1032,2.2544518146291157
1033,17.155606292014912
1034,10.726799887056648
1035,1.5525377716562385
1036,0.3943642601349824
1037,2.5049915699779466
1038,4.994008762420118
1039,1.4638904711897383
1040,15.906661296733475
1041,20.060058828762156
1042,7.841774302957867
1043,1.853581151013593
1044,14.513051990400315
1045,1.5604924390396722
1046,8.342306769928307
1047,19.44166647854885
1048,19.83142508722671
1049,8.08490295759348
1050,4.259593085173661
1051,10.706502353558545
1052,25.02637239635359
1053,0.5610669152269783
1054,2.2030872207005374
1055,-0.1796391982518777
1056,15.899486849973988
1057,1.7660503063027393
1058,17.841618728642473
1059,9.714677565739036
1060,10.935966153679283
1061,13.908085986213514
1062,-0.45135288275575175
1063,21.2547930623831
1064,-2.3243006948716394
1065,11.352756200949377
1066,14.83045438934328
1067,8.457817855453714
1068,14.227821271455284
1069,2.6262086972082503
1070,33.81774888770182
1071,8.425358084512354
1072,1.217831542488374
1073,11.714645808095733
1074,-0.9127403543898488
1075,11.577752621114392
1076,8.477084502856984
1077,-2.849071999660985
1078,20.30316694768591
1079,0.11719574862995709
1080,17.14427549237893
1081,36.24079831491632
1082,1.7288595105453985
1083,3.8968994188880584
1084,-0.5950670885078148
1085,13.83825100105114
1086,4.233267921543602
1087,7.648982088359122
1088,3.7659297152707096
1089,-0.9120780437292332
1090,9.660997658238045
1091,7.652778566141259
1092,8.110305178226856
1093,4.101021257876056
1094,22.365481243535726
1095,21.351553859837747
1096,13.041919648658464
1097,10.947419137007854
1098,8.241022674645274
1099,3.8816747963009455
1100,3.941333621295968
1101,2.8336359661927366
1102,10.021133307316411
1103,-0.12675962777756775
1104,1.2264561251983288
1105,3.635070935197398
1106,3.6231760152561776
1107,3.697815014632173
1108,4.9451445198907935
1109,9.399738840068357
1110,1.2627800600580201
1111,-0.32250545085431714
1112,7.118380178440287
1113,1.7044386154510722
1114,2.087781876905028
1115,1.431119589591642
1116,-0.73808580162639
1117,9.163832287192129
1118,13.404879783569221
1119,8.345223282545222
1120,8.663010928761784
1121,1.1498577056063009
1122,6.095888825577328
1123,0.14599750486206806
1124,1.889073159126153
1125,0.7998272638841031
1126,7.064252976704285
1127,4.2055485355883
1128,4.989825391013043
1129,5.9945222680808
1130,0.3896657432388826
1131,11.344670083341574
1132,1.5626744370453796
1133,15.505539723335305
1134,0.8916324211246002
1135,7.29740075815431
1136,14.871524898678166
1137,-0.5025194053852621
1138,17.299482328455568
1139,0.5529987083221131
1140,8.917363587459926
1141,18.93026987737709
1142,-0.3274783255514521
1143,3.2569330965585013
1144,4.546349841050589
1145,-0.5212637868092411
1146,16.083018624766495
1147,2.8406359728329083
1148,2.262147330015829
1149,20.95607474243943
1150,1.3768762403498025
1151,6.060553457138283
1152,18.766160322348686
1153,4.9947115909228
1154,-2.8279515329263103
1155,22.165813251455905
1156,18.101761699326243
1157,-3.9149218171922864
1158,10.94442412648513
1159,18.667430284683075
1160,-0.7116805836206269
1161,15.001563336645134
1162,2.6224311535595195
1163,14.34844068032237
1164,17.178372713804084
1165,-1.5946825136081433
1166,21.159079670732456
1167,7.100438307475091
1168,-0.6377242268530114
1169,13.083593591552969
1170,18.102567345803816
1171,0.26819831635645613
1172,2.321166148644073
1173,20.795788794502787
1174,4.322230874385775
1175,0.6064913221552214
1176,23.585726646056447
1177,4.887447912439844
1178,-0.7935972119042222
1179,24.830328883604537
1180,3.543107911428507
1181,6.588779649038704
1182,15.70467586134531
1183,-0.5288205687351283
1184,2.094935541839761
1185,13.856324494202674
1186,2.664107763716368
1187,4.4306130440411975
1188,2.032334485676513
1189,1.6164468526925235
1190,3.9577892880482417
1191,5.41181168585466
1192,-0.04170039471214256
1193,4.2742531149696985
1194,8.577735063341459
1195,11.63831667916179
1196,6.249234697260138
1197,2.882844503858496
1198,3.506342081478388
1199,12.088584448082152
1200,6.428068577656898
1201,-0.7757039504862676
1202,3.6024511326028503
1203,14.699053841995626
1204,11.375720501464196
1205,-0.34071321811248856
1206,12.34628561047922
1207,18.30047021642022
1208,0.4532161368251438
1209,4.037236492032074
1210,9.437813201053565
1211,12.399861899206687
1212,-2.014396636327041
1213,14.57293847543662
1214,20.449992928328594
1215,4.206323216545649
1216,0.5658311454031751
1217,2.4057862338757654
1218,21.75475722921489
1219,16.954566427970914
1220,-1.924599769839815
1221,5.79490195735501
1222,15.679112460085877
1223,21.76165342800836
1224,5.154675741714892
1225,0.04180857081812006
1226,1.6183151468017414
1227,15.151280182948943
1228,21.42636223102927
1229,-0.056368022351785424
1230,5.204670880752273
1231,9.856008724788156
1232,7.267103732120699
1233,4.172212460606979
1234,-1.019167019830454
1235,18.381640462103054
1236,22.445030332182156
1237,-0.1916485683238328
1238,19.305543846493414
1239,10.675711629887974
1240,-0.6968765812738882
1241,23.084884512254497
1242,1.6385140797953313
1243,13.147678320582074
1244,9.912076206075184
1245,6.99583357805519
1246,5.328933354007191
1247,6.4412916863859735
1248,4.818065721716484
1249,14.006554355149158
1250,10.508201511783641
1251,11.970826425110346
1252,5.96361460949424
1253,11.525768475716895
1254,4.523050829782906
1255,16.89242702257054
1256,17.463457721920097
1257,7.719748922210038
1258,5.65370202207839
1259,5.858040884911151
1260,15.157667630714643
1261,5.966313463649851
1262,8.530130040776266
1263,2.4277712059810335
1264,1.9518366521514905
1265,3.4859346642796094
1266,10.32311671884596
1267,5.258197224683738
1268,1.2671146244611178
1269,2.5912673128096753
1270,3.234042405722198
1271,2.9692155334867043
1272,3.7219437839192313
1273,1.8773379489048378
1274,3.2273642995439022
1275,3.727823969792768
1276,4.863446783061433
1277,4.086989579172008
1278,4.137572090116015
1279,4.082712497667238
1280,1.4702375469761695
1281,2.468688768431987
1282,5.638090731680444
1283,6.5410712394212025
1284,1.5844279462217836
1285,2.755016772876358
1286,2.0196494247791876
1287,5.728359771081489
1288,10.759247578702528
1289,5.922901199847535
1290,4.963452239133873
1291,10.911640848523492
1292,5.775946725466892
1293,5.816834616242697
1294,4.211559791724386
1295,5.813245475877682
1296,9.098063076803045
1297,7.104027412692891
1298,10.333361111554993
1299,0.4316458410523094
1300,12.439657173496531
1301,9.291591308270597
1302,4.517570408560934
1303,5.095633905328765
1304,13.890448846757492
1305,13.153445866125434
1306,5.447716173256708
1307,6.607877887106452
1308,4.623776917962684
1309,9.591134591674882
1310,3.936958998846974
1311,14.853332814948319
1312,5.648294077457663
1313,11.307198105536227
1314,5.917093477484732
1315,7.603393918419056
1316,6.150900588132427
1317,7.044696952808978
1318,11.944133121638467
1319,17.832526979929593
1320,-0.13538233957956608
1321,18.065764201203812
1322,-1.4705461557945632
1323,17.147915459651813
1324,1.9446483726315253
1325,19.68111315642585
1326,9.243021515738375
1327,5.283738738880803
1328,6.0210728573829435
1329,5.342466946714295
1330,12.582414595470093
1331,3.5653296215139534
1332,5.145232483093038
1333,11.73966258362789
1334,9.224145368115789
1335,14.754454136244815
1336,5.833862797760476
1337,13.818758948859267
1338,0.33840328329086794
1339,4.979524321403962
1340,6.287465943966645
1341,12.847249150477156
1342,3.458395698159316
1343,4.0694014758381805
1344,4.121553192883506
1345,5.403285532686482
1346,10.230089679637672
1347,1.105947558455696
1348,2.537651742485438
1349,3.4007158814476695
1350,7.309564690398165
1351,6.0132234003267415
1352,2.326261088318642
1353,3.534230168154799
1354,3.8745352946838754
1355,3.651329740057991
1356,5.115382632687931
1357,5.22399639746429
1358,1.9160813731551964
1359,3.37031490646417
1360,4.981456386695481
1361,2.359304539269592
1362,5.015844097372103
1363,0.3532789489091375
1364,7.2747557405011625
1365,11.4051114835731
1366,-0.9609165982666532
1367,12.935596751750015
1368,4.468970318304801
1369,12.965115221451414
1370,9.954887356159782
1371,6.938414136061019
1372,9.307271847494386
1373,-3.0269447389461677
1374,25.770692706126002
1375,8.18427825024988
1376,1.8113497878750342
1377,7.294114613204251
1378,0.21075273165465977
1379,22.693741474068933
1380,3.5663293350721177
1381,0.5569968075250787
1382,21.272705177366927
1383,11.113550011066549
1384,-2.2698925516677977
1385,7.474591885737325
1386,12.156662332780945
1387,-2.9506990874589523
1388,22.81863666087143
1389,14.219434076113089
1390,-2.1455814739865406
1391,7.265563084387826
1392,19.18558914149781
1393,1.9998834435042194
1394,6.477782883128059
1395,17.612498895395355
1396,-0.6647908500217964
1397,17.440906373303346
1398,1.4655926472044818
1399,3.4764915594399692
1400,11.268510254695085
1401,-1.198112130302304
1402,10.503052488684654
1403,3.1154532269507915
1404,12.79743273989196
1405,10.195926450256849
1406,17.57575982537669
1407,3.129484865951811
1408,11.937813670727847
1409,6.61179596754455
1410,6.150922104974247
1411,7.3192083362915135
1412,6.434030990534842
1413,8.44694212823828
1414,12.760447429138665
1415,11.289916174964128
1416,11.970246383295752
1417,9.618094111883968
1418,14.541660684875076
1419,15.061963591470919
1420,7.979838305540909
1421,-0.5388563810305552
1422,5.601876708664803
1423,2.192085282268613
1424,4.032943720672052
1425,4.698792957088966
1426,0.18917760003320602
1427,8.170301675705243
1428,12.398787919203357
1429,2.8370441910454756
1430,0.8486316950785522
1431,2.7506118978674876
1432,4.305592437113138
1433,1.5380394810329967
1434,1.958199905924169
1435,3.6284428559511883
1436,9.693629566807013
1437,3.0464207161263634
1438,4.240910319456062
1439,4.869001056761449
1440,6.027405319998375
1441,6.086389948000964
1442,1.2128152455580536
1443,3.5963324704033606
1444,1.2972287275703502
1445,2.564793369507264
1446,4.181653609831344
1447,3.7757333367525803
1448,1.1961347169691547
1449,6.028670317974791
1450,5.637945315689477
1451,7.481665620651012
1452,6.348596108010025
1453,6.132848909109331
1454,12.420463173065418
1455,2.469012966376437
1456,19.586322342671828
1457,-1.5534381966974051
1458,15.610500646682434
1459,14.63066212784834
1460,-3.212603837029995
1461,9.310625710210331
1462,17.264796746912186
1463,2.442793465850404
1464,1.4649017609908896
1465,23.06123372373537
1466,9.729919462892612
1467,-1.7235444806276805
1468,12.983443895510815
1469,20.85938960695625
1470,1.1876826992089031
1471,0.29844253310424623
1472,4.398560201677562
1473,24.506308214971792
1474,5.2087154111867475
1475,-0.41818033795146814
1476,-0.37851014304725855
1477,7.481301244678857
1478,19.201959613351427
1479,7.84692595830131
1480,4.146729997025802
1481,0.7027346283608091
1482,6.438683727573623
1483,28.953987769698326
1484,12.042760841214138
1485,2.228781441108566
1486,0.12455781620953127
1487,19.102555368336912
1488,10.008561030242259
1489,-2.7976554052727898
1490,12.91596268745314
1491,4.659925701990322
1492,-3.733883057750998
1493,14.52141460486902
1494,12.685468661204823
1495,-4.281924206392314
1496,6.685442876514584
1497,7.0009590153225565
1498,2.406663116391433
1499,19.08524320509626
1500,-0.08024432594365632
1501,16.701343566955156
1502,3.081350077521376
1503,10.550436942532995
1504,3.593259899923948
1505,13.86417177248245
1506,7.59412114149126
1507,13.624738861599786
1508,8.239864117588231
1509,15.791209698385364
1510,11.62306924740583
1511,4.648094867140849
1512,3.755163302721217
1513,21.517911521820977
1514,3.8228091676716454
1515,9.21226591961379
1516,6.424505585372923
1517,13.341511944645253
1518,6.90145463975917
1519,8.3654837305256
1520,9.688514774832711
1521,11.865165527353636
1522,0.4773207219122764
1523,4.373179403706621
1524,15.544700006621015
1525,2.043886486048645
1526,16.823557409664897
1527,7.078352703518017
1528,-2.4800560731193144
1529,5.378642139981395
1530,20.33706105866104
1531,9.419131435836277
1532,-0.25019124215813543
1533,6.896955103911118
1534,26.310129565835798
1535,23.48681340933763
1536,5.928600524596384
1537,0.2980871365995819
1538,3.555938827500403
1539,13.360780025404123
1540,15.547581538385359
1541,17.74245240173075
1542,28.052825883131266
1543,14.115429910514598
1544,4.601663270202241
1545,-0.05836663433005362
1546,3.407674420927835
1547,-0.2716584193736788
1548,-0.9299334109720142
1549,-1.7945007682479082
1550,1.1608045226504329
1551,1.3919574407547133
1552,8.10422770080258
1553,19.50481934291473
1554,6.750799241251399
1555,-3.4178735250209744
1556,12.263125519848751
1557,29.592070319959223
1558,1.4345093383371301
1559,2.2757347931056913
1560,17.35960643526879
1561,13.897584818152374
1562,-2.4148496576946656
1563,9.576864410038725
1564,0.5999679925107395
1565,14.855090474434315
1566,17.623091826875275
1567,-3.704735868121672
1568,6.66944783742025
1569,4.943390895674365
1570,4.475128522658198
1571,0.9413696867237692
1572,11.76496742978213
1573,5.566063380670792
1574,8.034686042806443
1575,10.685806582073047
1576,12.645487469092458
1577,19.6633396170611
1578,15.037476948771754
1579,8.725209881963124
1580,9.012853834550226
1581,8.646441550962903
1582,7.167369460704122
1583,6.723146543358282
1584,1.0104034662784593
1585,3.663595669213129
1586,7.825018254822594
1587,6.221250861378719
1588,11.633653298173945
1589,0.5632207000973105
1590,0.6751935850216136
1591,3.785805412092989
1592,10.996847023260033
1593,0.05464055504746267
1594,0.730760127017365
1595,1.3967280012372298
1596,5.8738877323998135
1597,7.553177643972415
1598,1.233082825905122
1599,7.272820907943228
1600,5.162936124111414
1601,3.514909644748402
1602,4.972910045731163
1603,3.158983528231491
1604,-1.91027326308079
1605,2.817955554279576
1606,3.377243605642101
1607,4.633314722949405
1608,0.8277448851171355
1609,5.33620614672868
1610,9.095495906650347
1611,5.950342792207889
1612,7.131302228641927
1613,3.211857659972356
1614,10.286985532518054
1615,4.043053571236144
1616,8.172838954898067
1617,8.835062759244217
1618,10.547813044440735
1619,3.554036352304321
1620,6.19960648484218
1621,3.752728493571501
1622,11.04756391908793
1623,12.187798897805513
1624,5.1836285700996
1625,8.064976085777337
1626,6.0387124351316235
1627,9.44194211298412
1628,12.920997927946502
1629,4.32435279594805
1630,17.529017621691786
1631,4.280184573606122
1632,17.235087212161186
1633,6.0499137637814915
1634,8.013131586485619
1635,7.3728730331411105
1636,12.367763665348358
1637,4.410047854542707
1638,13.49656030764856
1639,-4.640288240222971
1640,14.571403730573266
1641,0.47117918968742806
1642,6.141950921517923
1643,6.511178845545994
1644,8.844849783818033
1645,3.080122280849044
1646,12.045246249612546
1647,11.220848981915758
1648,14.962106479590156
1649,9.200676027456405
1650,14.184361446587618
1651,6.0518084627609685
1652,7.8000238335170025
1653,7.905672199134241
1654,4.29399509610992
1655,9.506533155685627
1656,8.351591311550473
1657,8.963425575055961
1658,2.69105173228985
1659,4.525341029284007
1660,3.9098257581005225
1661,5.59150029567065
1662,5.098133972295017
1663,9.107469598605205
1664,1.7965060592206294
1665,7.7346828426924725
1666,5.6105525965771434
1667,4.600999802880321
1668,4.668692706548242
1669,2.3806418496093205
1670,5.388789218821921
1671,2.0066091454070616
1672,0.7595889526877423
1673,-0.8684128960282654
1674,2.9694952654550923
1675,9.954188807695948
1676,1.1786935092856656
1677,1.0876597218941981
1678,3.048272449285334
1679,8.074979073903915
1680,3.7099683414226026
1681,1.4232586575177857
1682,1.8921973143434803
1683,3.156871119413321
1684,10.041084416328541
1685,2.7286061167475055
1686,4.874873927551468
1687,7.736431360960441
1688,5.973280954135489
1689,7.4220600521554765
1690,15.814602702993483
1691,3.7128057741858793
1692,7.176052890697839
1693,4.907523384731976
1694,14.829888645940445
1695,0.5946195621261902
1696,13.15640645912523
1697,5.426117068209072
1698,13.471143892131822
1699,-0.2801392745048271
1700,19.685311419526126
1701,0.8351187574662453
1702,11.23675956860333
1703,8.237400925699705
1704,3.7769606219317207
1705,18.64265691924449
1706,-2.199424896717466
1707,5.527652120103167
1708,-4.097212381424957
1709,24.33785144778977
1710,10.21281852996519
1711,-4.86154623257134
1712,25.241700603839003
1713,1.1485542705309175
1714,12.596382436283937
1715,22.07118234357354
1716,-6.934100328636472
1717,16.82680998526081
1718,12.87082698789242
1719,-4.95457279845541
1720,20.923627888006028
1721,1.3225251364058288
1722,7.1614777250368356
1723,-1.031627539570508
1724,16.107591552880045
1725,1.5070190182992491
1726,4.7075987029142565
1727,12.289152984223058
1728,2.429702631478501
1729,0.21324454460482387
1730,-1.626719960346797
1731,6.617600591725596
1732,6.036713543721681
1733,10.416201526668544
1734,11.871969944602546
1735,13.911141005618802
1736,12.602563331319708
1737,21.036895248627978
1738,4.5811894329943454
1739,10.535660473462963
1740,3.8528735808574552
1741,-3.7014358510676675
1742,-1.2624341427494183
1743,-3.4171220184558866
1744,-2.0198398889605014
1745,-2.8376842272575056
1746,0.3803570496952726
1747,-0.8936025027308795
1748,-0.019922977057162058
1749,4.8769651336791116
1750,2.507229836864321
1751,6.026985401753294
1752,2.1173288357889377
1753,-3.5915995569902646
1754,-3.198707307428549
1755,-2.9280098165945456
1756,0.5362352646197192
1757,1.5457523196911744
1758,1.8443635566596186
1759,-0.14805557702485964
1760,3.4528863248861907
1761,6.402555853797923
1762,4.3710120706477715
1763,1.2639488601531625
1764,-0.28141416932426994
1765,-3.6685760360729085
1766,1.831416287613182
1767,1.1611816984555072
1768,6.741032095214705
1769,2.473161322422937
1770,8.717293861903547
1771,-0.07036259807763916
1772,29.240801856361895
1773,23.62428949631689
1774,-3.743840942342929
1775,-4.042399852888727
1776,24.916841300303165
1777,19.13726331859533
1778,-1.5078168183399552
1779,1.5010330196540345
1780,31.021401489545095
1781,9.837014545086243
1782,14.921638189564815
1783,12.05876561622541
1784,-0.5894215346097907
1785,12.057066258030627
1786,-11.324703001581765
1787,17.126394462739707
1788,2.898417337968537
1789,-2.31403859728635
1790,5.485252316561179
1791,-3.705714646153963
1792,22.203992504994392
1793,1.4200513317237622
1794,8.511149789023014
1795,27.914135273211212
1796,-5.703586817956791
1797,16.201977925541815
1798,-3.026178195814785
1799,15.048969681833777
1800,24.81265853237525
1801,-6.2269224271702415
1802,35.15126869752456
1803,8.184794804122452
1804,20.102054119577822
1805,16.96603594469818
1806,12.230437162906552
1807,3.983473040886692
1808,4.39564851701178
1809,1.3394758841000265
1810,7.503304669493957
1811,4.478339071678685
1812,10.09720388628875
1813,6.051729628728005
1814,7.275844059018795
1815,12.553676275187454
1816,8.871771123914174
1817,3.1071468393110173
1818,7.909626389321178
1819,-0.17469007680389215
1820,-4.9341121292527825
1821,2.7762473980432048
1822,2.893405905275176
1823,2.909931300770028
1824,3.7948745446675964
1825,8.295306819569
1826,7.352256334045196
1827,5.7440328831913
1828,10.798347809176102
1829,4.567445833423422
1830,22.449547797097555
1831,35.05029035423612
1832,-4.602525880196303
1833,38.24510106016212
1834,8.464173820922067
1835,5.889073317671385
1836,28.27997130513678
1837,2.382897641030832
1838,13.79659115906708
1839,6.063919465445647
1840,5.642131109690544
1841,17.56806849966221
1842,2.4301257288818237
1843,0.6538185933354277
1844,0.3788054892197691
1845,-6.3839622489755685
1846,0.2983273571292979
1847,9.784147975733811
1848,6.357866221522363
1849,21.381780163378842
1850,10.27406296652007
1851,22.909338708955772
1852,9.852216797620013
1853,22.16598789519087
1854,-2.342396982177462
1855,18.39433082067498
1856,-3.6709883030186865
1857,12.959592582579097
1858,12.330386216137498
1859,17.216524491494166
1860,11.627523294391706
1861,33.54783594952891
1862,7.292973213390472
1863,9.284464910535256
1864,18.19052527053466
1865,-3.5258896068542884
1866,9.27964206706065
1867,-3.0257717023868227
1868,20.468135292324654
1869,7.835490453581138
1870,6.2672915331856345
1871,26.280488083266047
1872,-0.029908868637322783
1873,13.133592722582094
1874,15.13581686814762
1875,22.865556037123003
1876,10.677331508976657
1877,-8.500331370825188
1878,43.09530206562291
1879,30.726459187007872
1880,9.544464728146037
1881,43.48781303017239
1882,5.633782922893591
1883,6.347239732465555
1884,17.71107958222922
1885,3.7547556939931614
1886,6.814628981505317
1887,3.6094739969285237
1888,12.750378125507648
1889,2.746627708220154
1890,16.86800168780058
1891,7.713944124033166
1892,25.09775003736842
1893,65.91525242682039
1894,3.8643372441536417
1895,4.646898454722028
1896,17.96326995283156
1897,12.404300350076298
1898,18.110433032454868
1899,15.925875537287721
1900,12.440983372864268
1901,4.934738143885783
1902,5.247601847439451
1903,12.840870113979811
1904,11.261578184511905
1905,14.084448490387954
1906,10.155058162738353
1907,8.055349234155557
1908,8.79789685933512
1909,1.5517744455766223
1910,7.593010523545669
1911,16.734727016740692
1912,5.396840468157943
1913,7.714036333613087
1914,8.207467202173381
1915,7.278511128963963
1916,5.401803580758229
1917,7.682944631533456
1918,6.033457560019296
1919,3.0407838651102668
1920,6.252281458180287
1921,7.4501662669964235
1922,5.298173764367211
1923,5.72889112478207
1924,6.281801597125693
1925,4.64577496600267
1926,8.990597344795363
1927,9.290974296695708
1928,6.106274291019938
1929,12.699149629907259
1930,0.46431979438554966
1931,9.246356194476954
1932,5.68290110561526
1933,7.094720427540406
1934,9.89662859762734
1935,0.9474088710178776
1936,19.595414989434488
1937,7.625209373216809
1938,16.610026655211126
1939,4.4061392098704495
1940,26.443696838035205
1941,-2.870110071175245
1942,13.262929692660535
1943,20.755171993511652
1944,-5.632764318939598
1945,28.268360260306267
1946,7.414952822667317
1947,16.245946980495074
1948,16.16292917435567
1949,3.7629249895463346
1950,27.145724635284754
1951,9.280173513524808
1952,4.077335292778836
1953,28.342922010169662
1954,2.9243256158166937
1955,0.17869448238700944
1956,27.02450466945225
1957,4.116881006637362
1958,15.035341393897404
1959,35.07628707889621
1960,-1.812063979543528
1961,21.925885018640678
1962,6.772542872485557
1963,17.853182639230226
1964,13.244863805716061
1965,11.80532798528279
1966,0.661990113607944
1967,19.478941656401968
1968,9.24907421151274
1969,17.829311734295192
1970,15.120469140939901
1971,21.69476324130052
1972,11.019671194626385
1973,19.613333520148153
1974,11.064373824199631
1975,12.656703371181866
1976,18.85938584029285
1977,3.354766237602505
1978,31.086151003334155
1979,7.849051087518009
1980,12.649037439257249
1981,11.601432195833011
1982,3.4968711767134297
1983,21.949407309084904
1984,7.095150906336712
1985,7.682389443330362
1986,14.111308786830014
1987,2.287469788573494
1988,5.695805989687108
1989,2.928115887930237
1990,6.180177487946149
1991,1.4639687334698637
1992,2.680627974745088
1993,11.959237512710144
1994,15.429489657773948
1995,16.11021508148603
1996,16.364847369314212
1997,10.188536781670827
1998,1.4138732149970148
1999,11.679243227737128
2000,4.315837698614614
2001,4.813144702903183
2002,7.434446326069664
2003,11.989731630300762
2004,16.071551477287848
2005,2.470391516479211
2006,16.99969868335577
2007,14.675814260205682
2008,19.28590811133467
2009,10.052644904564907
2010,33.55129632899679
2011,34.45440639380999
2012,23.708461230546
2013,10.143096410788266
2014,31.74296455405187
2015,29.678676267500634
2016,14.545413375002623
2017,11.972637460464135
2018,4.809546721236148
2019,38.069576946041444
2020,26.778460726651574
2021,2.633839366879401
2022,18.126437656029392
2023,40.39765103441467
2024,11.30840710915225
2025,-6.593112459705998
2026,3.0988412780935497
2027,10.99442142131883
2028,37.091066754165944
2029,19.14160440091059
2030,9.054764261785243
2031,1.7278250829752122
2032,22.091282174229093
2033,33.46707642182058
2034,2.069352636285333
2035,5.120241241084877
2036,26.455757961943604
2037,6.8629626913750785
2038,-2.8117183221554716
2039,41.9463538664837
2040,8.257949094248909
2041,10.821383158805046
2042,19.79986767825224
2043,1.773243579723837
2044,20.10697479885929
2045,8.796576792135024
2046,9.283311093162217
2047,2.94120858398475
2048,7.740421045646304
2049,3.4331102111720355
2050,8.84629548267108
2051,7.103103516573495
2052,12.378723433907941
2053,20.299504141883187
2054,15.268120175605139
2055,25.516746495814864
2056,16.051768821683627
2057,17.474085829400025
2058,9.222333759718103
2059,18.491682004410517
2060,8.758172260017654
2061,10.11214359644853
2062,2.3330901132563437
2063,15.685353492646351
2064,20.527246382176045
2065,16.014467608921944
2066,18.837194850106332
2067,15.101190709974889
2068,16.98991476409255
2069,13.819049802463836
2070,10.038666607856454
2071,6.781151361972461
2072,6.198316523515619
2073,2.300788288673442
2074,10.055309061423975
2075,14.387972543572294
2076,7.401974502442537
2077,21.23625157999339
2078,19.197399910045096
2079,17.44857840769536
2080,10.842934005992285
2081,16.476716673688074
2082,14.612268353651054
2083,2.0654985745314898
2084,2.0836513240049643
2085,0.41255057361575204
2086,19.554582812851354
2087,16.351654867407287
2088,20.918674403425463
2089,11.622111255698997
2090,13.283174492073202
2091,16.33083989267045
2092,23.461113957791923
2093,8.271182863701805
2094,13.628354767769869
2095,9.492635998564026
2096,4.904666240236684
2097,15.48963345798743
2098,22.30077156001198
2099,17.985603029579874
2100,19.468847550713228
2101,26.95745182534021
2102,10.376890828768486
2103,23.591875162509012
2104,12.402748853307687
2105,23.830653591405145
2106,14.38698227806591
2107,8.548949187481364
2108,13.559845079078805
2109,6.409936957256434
2110,27.17135566192524
2111,32.23127486294282
2112,28.397455809685454
2113,29.18705315154493
2114,9.890281508936878
2115,13.05646702131071
2116,11.090684628595119
2117,9.10945270887344
2118,10.15589256139387
2119,44.26737015052333
2120,3.757319503579279
2121,29.410131740614066
2122,13.074490548289099
2123,33.668111853697276
2124,16.716692245904678
2125,31.33811576482628
2126,12.55353987271732
2127,31.69551628365143
2128,21.016169257203494
2129,23.434699380794058
2130,21.964305154481806
2131,28.76496172623648
2132,15.992348745611475
2133,21.342978260967694
2134,13.767230342808109
2135,21.36468463879574
2136,16.195340500315535
2137,10.460295583609168
2138,15.597392986183145
2139,10.601598209257574
2140,14.563201905924183
2141,11.399658180887942
2142,11.423146531340635
2143,5.6032941016529065
2144,17.788460852860258
2145,11.790874199835997
2146,15.678203269518265
2147,15.223128853916405
2148,7.010950904071906
2149,0.8485211239676249
2150,14.493263755279147
2151,16.360411888836193
2152,15.152572752715606
2153,13.587541882616968
2154,8.48328107895413
2155,5.1366377122046245
2156,6.818728123710923
2157,12.177474072453135
2158,10.482564230019841
2159,8.114495419057572
2160,9.64144996380566
2161,5.710535235363461
2162,8.632679626211493
2163,12.485421970795604
2164,5.314302223158136
2165,19.49938864562116
2166,7.172140330615396
2167,12.574173384955573
2168,20.56012769668232
2169,17.503278072095156
2170,20.98345149664075
2171,4.770794382923159
2172,21.612280058198003
2173,-2.9719877039707385
2174,29.650937584880012
2175,11.168723985430677
2176,18.214078705593398
2177,31.110037909134263
2178,24.855272589881093
2179,28.775528736906516
2180,3.2543567922476693
2181,39.47327700930133
2182,4.508067786772418
2183,8.29917762950795
2184,26.255598247505294
2185,2.751514286255177
2186,27.41100760067262
2187,17.159157491558705
2188,18.620481105594493
2189,46.430434326006434
2190,9.857555818997406
2191,2.492588592789947
2192,18.127897868445924
2193,6.071955638115499
2194,11.271770449476707
2195,32.39588978650607
2196,2.657754396674529
2197,31.91755352958855
2198,16.300800863799612
2199,4.409758328637795
2200,24.47089150516047
2201,5.861800622290091
2202,23.181035376942233
2203,3.8030708502939365
2204,28.434948104921492
2205,3.0681467808598892
2206,3.592985162911758
2207,2.1348411074029436
2208,9.062175211601533
2209,17.129713785813973
2210,9.576197511364036
2211,9.159925701164651
2212,12.582660306363158
2213,14.250228630046486
2214,10.370758096271475
2215,19.354438497959293
2216,20.362378008586806
2217,11.9578394294426
2218,17.555115577085612
2219,10.42123943459691
2220,14.53394847847189
2221,19.4622935234548
2222,16.46302635257733
2223,17.925666173614516
2224,12.584981280838571
2225,16.77616996988152
2226,6.961414186800186
2227,4.673883340580045
2228,14.752973810805257
2229,1.5218618583605603
2230,6.6346213659137225
2231,9.727732684726776
2232,20.818995547975124
2233,18.85079504433146
2234,17.916666988370128
2235,21.031275601161006
2236,17.559031593050598
2237,5.945331330123004
2238,8.114280785036884
2239,11.504820993875517
2240,4.86821112812661
2241,3.3664072265440588
2242,12.849705544662918
2243,18.007994869337583
2244,19.502100533827928
2245,6.7370433066601265
2246,8.023714716725342
2247,18.42800508016825
2248,7.622929546123584
2249,20.001449987644488
2250,-3.681944315756428
2251,15.287574696396385
2252,9.607155243812885
2253,38.36084449498477
2254,13.679351539807238
2255,32.34113993869971
2256,6.473755208702559
2257,14.065605904698693
2258,8.8489077982008
2259,16.745823598197678
2260,8.351136616799442
2261,14.69024119626638
2262,0.8027585513321164
2263,17.013292091498702
2264,13.046449568855758
2265,9.345782890790522
2266,35.023968936600625
2267,-9.277475448316194
2268,30.490591035040485
2269,7.241770758123312
2270,22.958695274430855
2271,22.236673576616074
2272,-1.676497374746824
2273,33.20884180071703
2274,3.3417108573510155
2275,8.957837926415092
2276,35.36007108715125
2277,-9.3149453104756
2278,9.360121107866984
2279,12.455758008784588
2280,1.5422864008799544
2281,46.31415156581207
2282,10.213169998502435
2283,8.159231155229243
2284,17.149976651507384
2285,3.9627919308993973
2286,22.38399915022915
2287,13.187627673079858
2288,13.103407055713618
2289,6.551441563025489
2290,28.449424573821265
2291,20.856701378942134
2292,22.84957653761592
2293,33.33416178929283
2294,27.251262889095084
2295,20.08324148415413
2296,8.973697531489501
2297,0.8151834784073458
2298,8.77558557921615
2299,1.8693509596085356
2300,1.3175628406958317
2301,16.83112537464007
2302,21.34493327014921
2303,33.048960478680065
2304,19.797412483383464
2305,19.67978070218802
2306,13.984999141186076
2307,3.0123699045672416
2308,2.002961042093937
2309,-0.24456771428425808
2310,9.556003094247073
2311,15.365990898357431
2312,26.727068863350613
2313,33.89805072607927
2314,18.065098109169778
2315,21.399251131796717
2316,-0.5933531594785778
2317,-1.6016654349291075
2318,-2.3365600300177656
2319,7.839366766234787
2320,11.831341309044339
2321,3.9230473808952535
2322,9.694943824043024
2323,15.609416103591213
2324,34.96267464674132
2325,11.533677498026492
2326,29.0370733682819
2327,11.19889363094775
2328,15.006886982010752
2329,21.06659809222576
2330,37.798615610447335
2331,21.17631451167291
2332,28.915903810027455
2333,15.00012083602757
2334,41.909521892976215
2335,-2.7390952040658516
2336,32.82562560532991
2337,12.148417014576557
2338,13.113037852045446
2339,22.028617603008826
2340,3.5553754608098345
2341,28.513853859467726
2342,-9.010899055236997
2343,49.504873785803134
2344,15.081779203338847
2345,10.220748432712472
2346,31.966662238909507
2347,2.7133866146378027
2348,43.616714174969275
2349,25.837447210423864
2350,5.23648764770282
2351,38.05947665532041
2352,51.33024876022125
2353,7.4179810760511415
2354,12.478541210536994
2355,31.220857004822694
2356,0.2875713479486865
2357,19.097686507342306
2358,-4.180567373830782
2359,1.679407752480732
2360,21.590114462643204
2361,3.7268916248041037
2362,21.66061290986525
2363,23.714274474984602
2364,29.280963114998546
2365,11.384358094906059
2366,30.214403941432536
2367,8.826343385925517
2368,7.508006270935064
2369,-4.892929521205348
2370,13.483684802595677
2371,30.75798471024494
2372,21.32771031644731
2373,33.18446652395373
2374,26.984830425418693
2375,37.32843294451519
2376,30.702871887058816
2377,35.7481044066059
2378,22.00363312382171
2379,1.6486964005518077
2380,-8.503010271057676
2381,7.784915005673844
2382,10.116503551379862
2383,26.686485808022603
2384,34.208938428454985
2385,22.246096598006186
2386,24.411551907668166
2387,15.358285251611528
2388,22.79595793697709
2389,14.434499943743619
2390,4.067354198679124
2391,12.498962735744765
2392,12.82775382041019
2393,10.645643217463816
2394,18.4812482055268
2395,26.093005465853054
2396,24.493759658573097
2397,21.127559974371607
2398,14.80886497203138
2399,6.012483703883077
2400,9.959346322912669
2401,3.9742172706604193
2402,9.844899232913956
2403,9.238358664096301
2404,17.091786040424655
2405,16.354639969087135
2406,17.39397201789885
2407,24.24380826058975
2408,20.550402030545218
2409,15.436973893809954
2410,12.197186109285425
2411,15.578605209147652
2412,-9.938828248044105
2413,18.392789179979765
2414,2.1442905462812436
2415,39.91620710012932
2416,7.341614009177925
2417,32.15473532837944
2418,24.83039343608461
2419,31.44461582324406
2420,19.289058055377314
2421,23.878419784758375
2422,18.25726543564155
2423,-0.26926063351384205
2424,34.27210178637307
2425,4.679654804692956
2426,23.047906411707448
2427,11.094388257167962
2428,45.282607840534645
2429,25.402321746248123
2430,42.01645234803939
2431,31.33498974497817
2432,7.751163912888455
2433,36.73733656259122
2434,-4.66461758503471
2435,33.68676269567597
2436,20.414893999537796
2437,25.339054652573793
2438,40.529302522989454
2439,-1.8087862298569242
2440,33.471065335433956
2441,10.54837606539886
2442,47.17051603350427
2443,20.169092782056687
2444,26.583752610752125
2445,2.0611115719929383
2446,27.259306659830266
2447,20.331388568461808
2448,27.556803426269624
2449,32.94019297435994
2450,22.95376796990622
2451,19.602118966448515
2452,9.027312893482128
2453,19.15407806094493
2454,15.334243705416485
2455,15.231007631914837
2456,2.1317285064962763
2457,13.849090467392314
2458,20.847617262524786
2459,7.511711493449415
2460,25.697155206455484
2461,26.582309876725375
2462,36.10943812547501
2463,31.528272575670314
2464,33.576133150990984
2465,7.242903861488934
2466,9.775485210161127
2467,17.03427449811436
2468,11.462496401868767
2469,11.352163153057043
2470,9.855222068180774
2471,15.303030783463548
2472,24.130451909977825
2473,26.082580019212593
2474,17.157147036802478
2475,24.66016269624124
2476,5.8374952691769515
2477,-1.1423776918188753
2478,9.001764267101464
2479,13.017024822949203
2480,14.28896230167206
2481,18.15946440005759
2482,17.97263580402883
2483,45.885930754504216
2484,35.31636665813932
2485,34.636496463647035
2486,19.207701076352826
2487,27.83395678113105
2488,22.450344643987513
2489,24.084030029234874
2490,7.400429774640309
2491,26.648827479357568
2492,10.588609756277428
2493,37.838487546120355
2494,17.223739733355263
2495,55.58551670544702
2496,31.541966942152232
2497,15.078119297999523
2498,20.097228803305104
2499,-6.076799519326727
2500,61.2710352074158
2501,6.473122388686516
2502,29.288301717971024
2503,31.385259152102346
2504,23.257482382307355
2505,43.6637382672693
2506,14.148535546473932
2507,48.4357834295367
2508,11.934968814954628
2509,28.147169640507972
2510,31.93033215526295
2511,3.080651177930089
2512,7.20205666450647
2513,29.871957667226365
2514,-4.869399436326309
2515,22.575964234137672
2516,33.70445500676527
2517,-10.113886231242327
2518,58.80343217786114
2519,53.44708715381166
2520,34.588778522686205
2521,55.85516267632642
2522,20.17549932415446
2523,34.9476187458506
2524,9.12070779019751
2525,53.04905433735069
2526,7.833701675530147
2527,31.15844777632867
2528,7.921066391665783
2529,35.65049176292527
2530,41.12628438886264
2531,25.477015929370072
2532,40.07227213664169
2533,21.09790479114645
2534,15.906121538417239
2535,19.364271090996432
2536,6.1318867107833634
2537,27.806359435408567
2538,25.39384876794306
2539,29.058123559445516
2540,25.7878547544375
2541,28.101271084073346
2542,36.159945693201344
2543,34.26222225657215
2544,26.2782655613688
2545,31.425438584438925
2546,19.16184140347877
2547,20.55458161299254
2548,15.815503317366764
2549,25.362717141786955
2550,21.55218390815104
2551,22.253816779788995
2552,26.87972316023633
2553,29.348519195570802
2554,20.160622781420717
2555,9.287373438773223
2556,3.007834866359905
2557,6.541472965148954
2558,-0.6755523736950172
2559,3.0077335573133617
2560,-4.611692321339723
2561,21.141345644877546
2562,21.644003360794237
2563,24.977289830657686
2564,15.920895188471343
2565,17.48514698140187
2566,15.996358767367523
2567,13.722780645396703
2568,17.750502614669355
2569,5.166348245359539
2570,27.527537061051973
2571,14.636884663961574
2572,28.847844908026534
2573,19.66657554231394
2574,42.78985801318756
2575,10.911786028563363
2576,43.31972554029894
2577,46.04505979671972
2578,15.66155962380811
2579,47.80133637723957
2580,1.3485291350274438
2581,40.688959833489335
2582,23.765860097718065
2583,15.568533487568223
2584,60.48834214259785
2585,14.6458575517812
2586,36.18787597019078
2587,47.98078247345148
2588,4.738988092153247
2589,35.70619778763628
2590,14.4604167441665
2591,34.74430517005501
2592,54.24806326631198
2593,18.243866086241976
2594,11.372872519267096
2595,44.0826413285581
2596,28.934332616064452
2597,35.913220748004264
2598,55.24499767197912
2599,0.408380994367449
2600,41.97801280251816
2601,23.713483866086648
2602,32.6047411895429
2603,72.07419783110288
2604,6.8128505599628335
2605,43.49078965298515
2606,28.92920842095965
2607,37.4307269850421
2608,38.462253989342436
2609,24.594419668048634
2610,28.2650092391447
2611,48.533051819727966
2612,37.83432116344212
2613,43.16078384614503
2614,22.729249294043417
2615,23.22184654139644
2616,3.1577309620582765
2617,25.490832706524355
2618,12.95115650590762
2619,46.501901881700356
2620,33.18281168276891
2621,15.820720560372848
2622,16.856537918206495
2623,40.23931196893283
2624,41.271955091602415
2625,9.604456550690113
2626,13.173086533477814
2627,11.21320184070875
2628,6.085253161568999
2629,8.857386984390358
2630,15.787375307437678
2631,23.204289966826618
2632,28.341428061038517
2633,28.567183054641735
2634,30.30975737047885
2635,38.950511439616434
2636,38.98535491209308
2637,40.80505651491002
2638,25.39233214303538
2639,12.183455434020356
2640,18.80936272727116
2641,14.578311251549609
2642,15.314429175607222
2643,21.07240160507991
2644,32.45582804363558
2645,22.125847368291975
2646,22.401782720551314
2647,18.418437696209285
2648,23.72425678575212
2649,37.65834801482809
2650,21.734828997969338
2651,18.836821497766966
2652,-5.534644317651324
2653,3.265410917902796
2654,55.09417100687316
2655,29.212300166972966
2656,67.14113267244853
2657,30.689387028877714
2658,41.63161109795721
2659,32.715567657391546
2660,58.06806862535452
2661,19.65072329359887
2662,10.967548787862057
2663,29.89034572600004
2664,0.6244551158760167
2665,32.05024318325737
2666,12.513638418137102
2667,48.745750364949124
2668,29.817326761025868
2669,59.9695866954302
2670,44.02796016379144
2671,10.678723946118664
2672,25.132840991099325
2673,12.735021226191181
2674,3.5363376101783466
2675,34.031163650300414
2676,1.222100178218292
2677,74.05447302049919
2678,43.779411998525305
2679,40.67905322303354
2680,56.56935738365349
2681,10.738217648376247
2682,50.765569153074324
2683,2.4582696885344277
2684,25.27782812086226
2685,19.76190679474508
2686,-1.4924219552369233
2687,46.72847153554999
2688,-3.364410993848824
2689,43.32831821160465
2690,18.16391805724027
2691,40.36748272192174
2692,29.118193353486106
2693,23.850301252954743
2694,20.6200713660989
2695,43.42288069934443
2696,42.39174683843043
2697,31.1537630049945
2698,28.951906499090253
2699,28.397007635528606
2700,15.895964829354853
2701,-3.0360755184979715
2702,13.066902007539817
2703,14.879744868736587
2704,23.878305205981732
2705,11.66390568560168
2706,12.140310011782669
2707,21.03939562135699
2708,29.10824933421576
2709,30.088045325873498
2710,3.574468193878788
2711,-3.7342327635960193
2712,7.767676246925215
2713,17.493058775864302
2714,22.54939157202668
2715,45.79848467101199
2716,46.76861014806638
2717,49.249893734679205
2718,37.09998942722715
2719,48.675301954691776
2720,42.8830319002214
2721,49.518068572090556
2722,27.046174940328637
2723,13.549182724253782
2724,27.270639448810698
2725,26.021252303574368
2726,33.79636349212282
2727,47.522198065882016
2728,49.43766351586742
2729,34.912694073029854
2730,32.05022592106325
2731,4.706532003890409
2732,43.424523233947035
2733,4.659672575813194
2734,24.768637472164126
2735,53.71414409853782
2736,13.367905389397777
2737,31.009869563139123
2738,13.935519214167016
2739,45.30532423420174
2740,16.149464948214217
2741,48.10801828293177
2742,53.207750904817885
2743,-3.5338798565483676
2744,34.28965495035203
2745,4.0772130505641195
2746,4.891779154125607
2747,11.471460402141737
2748,-0.09732270705891792
2749,45.86307957125814
2750,26.256548583995393
2751,13.987857951971863
2752,42.86046125442942
2753,51.255368339165926
2754,24.928605104645385
2755,46.43904236386212
2756,10.500370719316049
2757,-4.269566466779438
2758,15.169155576742291
2759,-7.388052626861344
2760,14.721380103442504
2761,7.736294529229464
2762,5.55623386199992
2763,9.421368437453095
2764,20.0731648433868
2765,8.010691318399454
2766,25.407825727902406
2767,14.610085786743708
2768,-14.206789813449655
2769,10.707735692484185
2770,-8.653098626891579
2771,-11.638743667766374
2772,34.087096417112996
2773,42.07632419941613
2774,65.26895854605176
2775,72.25978374529691
2776,56.02716248496652
2777,47.62068375212205
2778,54.798812324848065
2779,54.210118785268655
2780,28.510794644947257
2781,12.547621443742202
2782,20.32497892006685
2783,1.9829184689885004
2784,47.60200916489324
2785,29.89589594515314
2786,22.425904511139112
2787,25.19689034882868
2788,10.822771008245176
2789,13.743880083157272
2790,27.440352056405384
2791,32.53333896846288
2792,41.783796076964364
2793,82.5815074340464
2794,49.11080123104156
2795,56.05495345171723
2796,40.70600146794327
2797,38.416068467561736
2798,34.35833422874613
2799,45.20528521570236
2800,37.43564507165243
2801,14.643081313797927
2802,41.25551972781875
2803,3.407019971341945
2804,6.817710739111575
2805,-0.9097366736278188
2806,5.957380145645902
2807,13.040543255208473
2808,9.449641675085651
2809,16.96217710141337
2810,16.51533253004796
2811,33.53763055848881
2812,33.42165000895488
2813,39.322076363812194
2814,28.251749113282617
2815,19.928859789745584
2816,19.995907862025604
2817,14.834301416115286
2818,-16.197384418861727
2819,0.27275829925877265
2820,-5.047233087606675
2821,32.382088160474964
2822,35.43449297149988
2823,17.167190247698887
2824,37.19202796609877
2825,33.42425320770462
2826,37.57267289838783
2827,34.08850171320646
2828,-10.09945194837845
2829,-68.66349762915623
2830,-30.15529368242743
2831,12.413489345778276
2832,331.71719118175184
2833,286.87980207466666
2834,33.62272528753946
2835,252.7206533948839
2836,178.59563052021662
2837,123.2468192318242
2838,134.10930245593866
2839,57.986785522238456
2840,54.218985362827574
2841,14.299750994256287
2842,4.181147102094743
2843,25.14745403265381
2844,47.710116414020334
2845,20.252228375691935
2846,24.17893280839622
2847,22.447767347040546
2848,3.32202996000192
2849,16.337657859254787
2850,-1.3057853958705956
2851,7.974889891891003
2852,45.89074417380559
2853,21.38040064735883
2854,28.248340981094596
2855,38.971910664710386
2856,26.561223103494974
2857,52.03329366693557
2858,31.2741523769171
2859,8.727690857198795
2860,34.26310108000617
2861,9.755188933333283
2862,-14.399460271583882
2863,11.828474110999927
2864,11.176778310645924
2865,40.806358244729516
2866,60.28939663119397
2867,30.602574777767348
2868,31.570428888170067
2869,43.39250550989888
2870,15.922234110391882
2871,26.220195641037517
2872,41.85314030408335
2873,28.356344291864218
2874,46.42688317038351
2875,28.013385091777476
2876,3.8174494021371186
2877,9.014046288502492
2878,21.982898005783895
2879,26.336532985286524
2880,18.251825841186033
2881,6.423650148910843
2882,13.562507140485202
2883,12.635148164159128
2884,26.622358122483398
2885,36.00386815753199
2886,-3.7488146200185386
2887,-13.217532129691469
2888,-19.10361974642183
2889,16.56911338403975
2890,75.65474905953596
2891,91.30405822148876
2892,68.64935062582022
2893,41.20358803027722
2894,50.631123377394054
2895,50.13343607698596
2896,47.633872838937805
2897,18.955409221293554
2898,40.143371685648155
2899,34.63555630075378
2900,36.8763692972881
2901,25.820504039067384
2902,12.746790731744174
2903,26.45743033556881
2904,55.831412538147276
2905,17.294167423532823
2906,47.306840334634984
2907,7.516362144202451
2908,37.9233076919973
2909,15.56191831314453
2910,55.034681620425495
2911,29.464073111206208
2912,35.97486777638044
2913,54.629002749935985
2914,3.1719145682428347
2915,67.63366281845602
2916,23.859879547399363
2917,62.118545134779545
2918,64.08119709207247
2919,9.871202302010472
2920,50.370680421439836
2921,27.66864705744331
2922,22.074118215741315
2923,34.18128972333909
2924,49.254748876375125
2925,33.211460003922
2926,31.994350731365824
2927,26.74074728105943
2928,16.030466159301042
2929,10.116115058296332
2930,15.65293331543519
2931,33.09623548843919
2932,42.49593180164874
2933,43.296971402287305
2934,37.137133765512786
2935,18.536788168626263
2936,29.288154940042247
2937,28.086000483739408
2938,51.765407334663145
2939,34.44335488133908
2940,42.17907495100123
2941,57.293424462836384
2942,18.817559220887222
2943,34.90172665533894
2944,5.1968301334088185
2945,24.331203450755893
2946,33.60957398827185
2947,17.166183004499675
2948,50.618617826224934
2949,94.20233414411759
2950,116.55499745107623
2951,55.59583570692683
2952,85.41528338353712
2953,85.11803324011488
2954,74.94565381631736
2955,90.62083230598523
2956,66.16533045510486
2957,54.314407279569174
2958,57.16313240805645
2959,26.91324966795729
2960,25.086404209310068
2961,31.323185308329627
2962,25.60757604877259
2963,29.786209153059083
2964,31.92531544576609
2965,29.659063142044218
2966,8.234275543072613
2967,14.422004767260328
2968,23.215256901074284
2969,20.902021939658425
2970,29.801720193789848
2971,46.5686749018964
2972,53.120196589205804
2973,32.136604713859576
2974,64.92890149085797
2975,26.11715351440598
2976,68.3634104288065
2977,57.07144199597152
2978,49.69473995733215
2979,33.04898137769104
2980,21.66258501496035
2981,30.772548793777144
2982,17.08475713792703
2983,14.011453069605283
2984,3.3844613455801245
2985,40.287388670490785
2986,36.33873074415887
2987,45.924760048186464
2988,68.43827108363746
2989,50.69424949001114
2990,35.092825829645264
2991,44.0450322473618
2992,11.763432149240817
2993,-0.7392492037797248
2994,29.52771453916806
2995,25.76013784601648
2996,86.35806038792164
2997,35.81056644640302
2998,87.05276873850204
2999,86.28493887397093
3000,36.35567057602085
3001,50.67700575318598
3002,-6.157951379951811
3003,-10.527932596428945
3004,4.202055263575041
3005,28.411187630398928
3006,10.321266844483008
3007,239.75262663561014
3008,411.59677681891867
3009,80.51929164231113
3010,176.08974560163617
3011,287.77464427897206
3012,85.69475076827887
3013,220.81604409289008
3014,142.35614510036757
3015,30.89705995859676
3016,51.83123489943972
3017,24.921983897110817
3018,30.497606407205335
3019,28.968233553483845
3020,62.30873775866724
3021,44.55141300189243
3022,43.5694099046975
3023,29.853079388919777
3024,18.01724991270323
3025,36.38097132649538
3026,3.1691281615254296
3027,35.21373303934609
3028,37.13185950913024
3029,49.675402811435355
3030,84.52259572336267
3031,81.90746252893143
3032,80.2638111129647
3033,62.27712739570728
3034,73.24438978168743
3035,94.32311056755843
3036,61.82289330885794
3037,42.95848801016845
3038,27.080786484875937
3039,-6.207152266212032
3040,-2.497583362406242
3041,15.558787623861631
3042,29.994215669050813
3043,67.10353589876556
3044,67.42541934100733
3045,50.15336809873088
3046,82.62132673255441
3047,56.21319442077745
3048,56.906083503603135
3049,66.70619839752054
3050,-0.5763884787265603
3051,9.97038760417748
3052,81.86903111731125
3053,57.16084844974328
3054,69.63516937624347
3055,68.03798076506057
3056,73.48646394320215
3057,84.66688804855522
3058,60.78414826540668
3059,31.45321051267238
3060,-13.508026633004581
3061,37.173335283009436
3062,24.710003585152663
3063,353.2662538079406
3064,154.76136843317144
3065,38.658984834980494
3066,406.07136504384744
3067,196.26647983385263
3068,221.0475463966306
3069,331.53322756777754
3070,167.36253884032877
3071,107.11362815181315
3072,105.77221334765386
3073,34.77284275511432
3074,34.19560230672409
3075,28.28994673055166
3076,47.201886201311716
3077,68.00885019865757
3078,61.3525782784103
3079,74.07952537107165
3080,102.67629218024096
3081,57.252009664461724
3082,51.510553200518146
3083,41.77211237002852
3084,12.0207615855807
3085,33.10005675333583
3086,102.31774717817164
3087,36.81301201459201
3088,108.04293505364618
3089,132.2913068652489
3090,79.99891397840231
3091,121.71694756194871
3092,92.31812159024277
3093,79.8888804618332
3094,67.65615044245216
3095,35.20529970081883
3096,0.24492786528369145
3097,8.4741689243532
3098,31.156297695982957
3099,34.3363969369856
3100,74.46542417387339
3101,81.41477238988804
3102,88.68572441751718
3103,47.51816841725256
3104,58.71261060245902
3105,72.18951285939488
3106,36.43492569532883
3107,65.62446430543821
3108,55.55287033999102
3109,79.26641985694998
3110,111.42564102350393
3111,91.54667024532823
3112,77.60409594816377
3113,50.53272422004234
3114,72.42239121875865
3115,47.14216105510706
3116,55.29433487675204
3117,69.56191617002864
3118,56.543120284250385
3119,69.6123960857023
3120,69.13728866986072
3121,107.74723145729149
3122,57.76380790472536
3123,79.0265613184642
3124,130.9841169986722
3125,56.360079548696184
3126,116.87818368370517
3127,170.12194880896584
3128,329.96915713978626
3129,165.4533976260732
3130,106.2290694282566
3131,236.64791208985045
3132,133.98463892545894
3133,131.01494527598243
3134,180.62625509703267
3135,116.64018235601412
3136,64.93069815199517
3137,92.2651616342128
3138,54.50738206006064
3139,67.93502460745613
3140,70.73014429232694
3141,66.40894513934815
3142,57.11394399083866
3143,57.243665588006536
3144,67.47727815619112
3145,76.9713940342526
3146,65.74080552529851
3147,77.73742145613251
3148,108.43096836773054
3149,150.77564120169203
3150,154.69424655146034
3151,111.17841659087246
3152,89.11518307593609
3153,105.40859304259956
3154,12.928728883998954
3155,48.385303152160645
3156,65.11487753440504
3157,78.63999591946481
3158,98.36119157937728
3159,104.94720630342219
3160,117.19907345516651
3161,56.87585689445232
3162,52.48874631195751
3163,52.19683416971293
3164,73.01173438060904
3165,73.60400175723012
3166,64.67757447964951
3167,99.59687654329497
3168,87.99847571614588
3169,96.54840239583552
3170,94.39569023289584
3171,87.29572650056934
3172,82.86676860935077
3173,69.44863869300966
3174,82.03397735419163
3175,63.87171635852945
3176,88.32479028903482
3177,49.438751958091025
3178,352.04522758038195
3179,312.10750364503116
3180,11.539704708311064
3181,359.0820369806447
3182,268.49084769259383
3183,121.07691820617816
3184,354.4200354687793
3185,221.47047047071763
3186,151.66072523914897
3187,182.28390036554683
3188,136.25510948109346
3189,135.87524633826678
3190,114.44228361751829
3191,124.35269622318543
3192,129.04272043014925
3193,73.26848230817416
3194,85.628126687868
3195,57.47643355288735
3196,98.93102416397883
3197,43.56322689461297
3198,116.50983502137854
3199,100.493612746361
3200,102.62394780241775
3201,172.8402272034897
3202,91.41651043382542
3203,102.0779368987373
3204,75.37891746733139
3205,93.02544760548147
3206,130.89277570909715
3207,140.6511191930334
3208,86.30560280189248
3209,114.65844606943445
3210,114.48573296696463
3211,100.39365394235561
3212,86.07452372915424
3213,90.22668230619759
3214,123.68847869196799
3215,98.54914137016175
3216,103.18205700679644
3217,122.34284926146194
3218,74.71927854546328
3219,107.93785880399857
3220,96.16866360013898
3221,68.85965923852008
3222,85.08450155554725
3223,124.71597386016471
3224,196.49221287048184
3225,133.47370699797918
3226,155.86218339227386
3227,116.07246136795997
3228,45.329141551717214
3229,79.40104388669
3230,84.80645573179439
3231,104.43844743811604
3232,117.54926695636334
3233,143.918435799778
3234,109.83456652960935
3235,134.91063158890032
3236,170.16232842127536
3237,102.34426622973915
3238,93.45337334418929
3239,153.97517611835121
3240,104.98690717283557
3241,120.8189007933479
3242,124.54411278469225
3243,172.15429998123534
3244,155.17379118808108
3245,161.68924088487847
3246,126.7148842046971
3247,189.48019760532893
3248,205.57493255614955
3249,181.87762924641672
3250,118.9696289355568
3251,87.38859739197478
3252,93.7207073970293
3253,132.41003342192295
3254,92.72502779485228
3255,109.26391939794759
3256,182.19662151493264
3257,141.56285020374514
3258,162.8820178936476
3259,158.99128751966904
3260,135.10990980803317
3261,126.75663583783374
3262,109.24275129539963
3263,100.58615134142924
3264,112.33076063042154
3265,142.46097802569037
3266,113.25162836132965
3267,128.28419214911318
3268,141.0907157781935
3269,123.61690908365019
3270,100.65679309509078
3271,119.63680597891772
3272,156.1344544684969
3273,148.84391521232115
3274,110.62499876895761
3275,100.50704582230694
3276,127.19395227347606
3277,95.90538292929338
3278,80.73267439873923
3279,89.83977997293661
3280,128.6826763675922
3281,158.73662662962943
3282,169.82159489078663
3283,186.58712149247762
3284,136.51867410967114
3285,103.44104528375539
3286,96.81437859709857
3287,64.04147009535302
3288,70.29984807248566
3289,141.58503832144964
3290,447.6593929365702
3291,360.2699648893889
3292,53.30852878003748
3293,431.4229737543231
3294,297.3883726097271
3295,166.2809770394799
3296,398.2833715622601
3297,186.36762013622962
3298,147.5074340410567
3299,183.6935641121823
3300,167.62693538554828
3301,123.86441005697253
3302,180.27003794284917
3303,182.62411633395388
3304,152.0907201787404
3305,182.65144507161568
3306,185.66556741529303
3307,200.951820970383
3308,153.112562573565
3309,89.35440060236154
3310,124.11356311389318
3311,81.45219610196874
3312,129.3119628859632
3313,160.02517000487566
3314,146.13531829369347
3315,176.73220999006725
3316,145.26427982354548
3317,154.73933300465134
3318,164.8986299944804
3319,135.604912213858
3320,159.61716773774617
3321,131.39079472118922
3322,154.51266884554911
3323,149.19531968535418
3324,129.23441514894526
3325,109.34293123348112
3326,191.16095837277336
3327,147.6740831270801
3328,126.39326422510273
3329,172.24678780277554
3330,223.42112956990673
3331,209.99429563842446
3332,236.35128235005072
3333,234.76958138242045
3334,103.04730001468215
3335,140.6311972346097
3336,136.68631100036893
3337,176.34158139371883
3338,246.62906338947607
3339,170.84212791660136
3340,204.90991330325994
3341,99.31071928886148
3342,340.072095760463
3343,412.47137105571545
3344,182.6748813454618
3345,290.03872243929226
3346,173.77854960118933
3347,344.53296307047947
3348,254.96111166886456
3349,327.8795948726127
3350,267.89908496688975
3351,278.0230401395454
3352,147.48450910442588
3353,166.61385825194685
3354,120.55737353089116
3355,139.63677825419512
3356,186.60013212351186
3357,160.97305896962155
3358,198.6494757747417
3359,152.20180642776361
3360,284.91061747311244
3361,260.28287596169196
3362,274.864653727404
3363,242.68772184930776
3364,234.4783880685341
3365,193.39868028697643
3366,183.39460905203387
3367,152.61991002602846
3368,135.29023610081788
3369,151.0791902287213
3370,181.82884082080642
3371,212.73809096874277
3372,230.5156827537595
3373,260.9946304221021
3374,208.9914640865181
3375,168.52362394919095
3376,111.49862574382117
3377,146.76615213962555
3378,257.8165820181016
3379,217.9404543213387
3380,153.8009966405267
3381,133.13621036012546
3382,187.14935942730534
3383,200.66513201134273
3384,179.85440303925668
3385,221.69564389649392
3386,171.6168300752346
3387,233.78686563542908
3388,208.6458044059606
3389,116.45307218329528
3390,165.63035923835534
3391,163.65890380470833
3392,169.8635436684489
3393,224.41948311842347
3394,193.5990326056808
3395,193.6895173945804
3396,272.89774320024395
3397,223.43952608194147
3398,160.88348822183133
3399,153.4167698853544
3400,283.83745870883433
3401,252.2622633669442
3402,189.00250795173216
3403,120.84750753400733
3404,360.765259579921
3405,404.62266727611427
3406,249.98564242591064
3407,246.42005720131496
3408,199.15796697305305
3409,172.98418341235634
3410,161.8323919327332
3411,200.36850664493076
3412,103.73829694721049
3413,213.50024841478375
3414,167.7555040362036
3415,200.99869273273683
3416,267.280082208946
3417,201.52746249505958
3418,247.10967599759917
3419,263.88410989408766
3420,241.37270631325123
3421,246.09036125188098
3422,177.16041838336938
3423,244.0967318323708
3424,466.8411355026092
3425,119.76622867359059
3426,146.46281605477935
3427,200.6193200306548
3428,235.82980250895847
3429,249.04854521181278
3430,261.92804364777925
3431,265.615092854274
3432,162.1416104619971
3433,175.82244615103522
3434,123.8733532925515
3435,120.49324444407783
3436,197.07381970019603
3437,214.6207223848523
3438,217.12929644201432
3439,180.80888665400556
3440,179.43738609839275
3441,125.98555965549502
3442,315.78435718287363
3443,654.8401895616454
3444,603.3248123423772
3445,614.419964605309
3446,588.363715728089
3447,53.47972659827109
3448,514.3309314760572
3449,340.52658388129964
3450,224.85506323787
3451,338.32619982049164
3452,181.8977530629231
3453,327.28195966027243
3454,599.2479804130801
3455,769.7317717979204
3456,433.15343866526695
3457,457.6261343979575
3458,16.85055479278186
3459,228.93588010964416
3460,197.83941358221063
3461,239.31360337921603
3462,396.4919056899421
3463,275.35859914686597
3464,508.4946900647033
3465,644.2427661877696
3466,805.5497578675458
3467,594.7691059534592
3468,556.5981304042917
3469,101.32699788687167
3470,75.85589778521239
3471,131.11051764785032
3472,116.77533113051138
3473,165.16357861354933
3474,250.90471397373793
3475,311.84620142494117
3476,516.72429675121
3477,880.0676557954721
3478,719.5293249408079
3479,729.9065197388106
3480,357.4364435097222
3481,142.8998659908148
3482,338.080240061506
3483,202.99175741202944
3484,280.6676380262771
3485,411.78514596825516
3486,347.74237460200953
3487,524.6044554878928
3488,644.0971514285574
3489,535.8986474256217
3490,432.0660490919492
3491,283.0589342409231
3492,72.47799642552144
3493,137.57999744371486
3494,163.20728878673447
3495,247.11705377450187
3496,326.29683872381287
3497,368.1975934804816
3498,440.36120935627645
3499,537.5419651412234
3500,572.6274729809355
3501,573.9225396762341
3502,497.8212795207557
3503,184.1051057197835
3504,79.85483221381155
3505,119.27967477550516
3506,239.78986024103708
3507,332.54183524545334
3508,382.1563279441061
3509,414.01415255813487
3510,477.25369322537244
3511,495.5423689529116
3512,474.4869045095491
3513,377.0004197633539
3514,146.54075351621444
3515,112.68759677159998
3516,110.8851640623032
3517,178.98952449714074
3518,324.98719015067775
3519,396.3170573260986
3520,460.7189437272045
3521,502.37931326184497
3522,558.7257279458216
3523,456.38878016104655
3524,340.21114417774356
3525,198.73234020187692
3526,22.387856318178933
3527,91.75332820261622
3528,93.49657993299779
3529,133.5543266183865
3530,185.92796776584234
3531,353.1486736157283
3532,634.8305103645426
3533,257.11391258571643
3534,434.71888058970154
3535,885.5234969995528
3536,789.2262491057343
3537,822.4510264388916
3538,534.733628590761
3539,37.511327697950954
3540,393.31777906669504
3541,185.0960727399204
3542,616.9194506961627
3543,317.9064410540912
3544,331.0405327567045
3545,547.8869381581782
3546,821.9972710375957
3547,778.2141607801431
3548,453.6803075316975
3549,175.5715083958263
3550,77.38888665652219
3551,195.087141002427
3552,421.5113576162899
3553,521.1737488897505
3554,630.947840397185
3555,589.5545782151196
3556,695.5343991824334
3557,873.5478083001564
3558,725.5553522571242
3559,805.462684851036
3560,326.38749743962364
3561,-12.290395199741685
3562,113.638682355926
3563,80.98546602943723
3564,281.15910358263267
3565,575.0163383141327
3566,657.4754518937575
3567,702.0506022936329
3568,737.9156351971927
3569,756.7571288998591
3570,382.1263705485291
3571,169.14303664060782
3572,-20.276010207441132
3573,66.9492034168553
3574,282.12997544242836
3575,455.34817884599533
3576,563.7183524719927
3577,668.7863957331832
3578,716.7650260249139
3579,614.0828948874682
3580,539.6432695022261
3581,261.71860757340363
3582,70.66810777665424
3583,41.942949116845014
3584,52.857196333676406
3585,29.03902274059699
3586,69.94184521732052
3587,388.5566053629704
3588,867.156440622814
3589,923.3785223023148
3590,904.4297744543278
3591,1059.366329710195
3592,546.8565978980225
3593,330.50563545598254
3594,554.3874977492738
3595,60.215636328964024
3596,622.0379561678307
3597,86.27499976832857
3598,491.5828965957334
3599,800.7873344487472
3600,1000.1722356778823
3601,845.1416229632126
3602,555.0985476302567
3603,465.352294466365
3604,132.51529557234855
3605,73.3647992501471
3606,-29.542818888673306
3607,339.827008263367
3608,864.3411978386171
3609,869.0019903212095
3610,924.7098544399113
3611,1007.2069716088919
3612,879.0992658009305
3613,628.8346501424634
3614,560.8007899025035
3615,192.16197444556383
3616,98.98700136311568
3617,115.12429940365428
3618,-11.42772541783341
3619,338.2752910333122
3620,797.9592160341178
3621,798.4492966805515
3622,819.6187678668376
3623,675.0857500432672
3624,519.3961027438903
3625,501.67031640847455
3626,494.2222165779976
3627,253.53893092612975
3628,173.49788039852766
3629,221.4928958646395
3630,367.7986456182456
3631,682.6410599179019
3632,762.4212262059144
3633,623.1011504566897
3634,594.4671306102074
3635,356.0247828663465
3636,290.9815350601194
3637,304.0394112946919
3638,215.046936469683
3639,283.6604046486369
3640,229.8244591105017
3641,137.1085380812684
3642,107.40875074316614
3643,40.66387964013259
3644,150.854867881667
3645,510.09081091745185
3646,841.1694791725677
3647,1008.6580180868926
3648,1063.7206049160968
3649,968.113249021358
3650,1057.7404198845068
3651,495.36792015430314
3652,-50.2367438503978
3653,259.7791125715241
3654,-32.77990857440267
3655,763.3928131729441
3656,762.8982474854852
3657,832.3279537681609
3658,876.9803171332751
3659,881.988646951231
3660,1035.5990292643307
3661,293.1847944416588
3662,376.2649142439216
3663,32.59851252386746
3664,31.905166789795263
3665,70.51704288077617
3666,581.4455792980209
3667,1003.1814831160779
3668,994.1128650949705
3669,1018.8124026329662
3670,1054.7022359660682
3671,914.9193776048401
3672,440.9463128229145
3673,300.26579766248807
3674,255.22986130562757
3675,22.663273079766352
3676,65.94564097948547
3677,6.94204970405947
3678,532.8898896315701
3679,1035.7394116913702
3680,999.7910365074735
3681,1153.6592408733509
3682,754.2873801654927
3683,436.7037945506022
3684,315.45769167689303
3685,331.3373466518595
3686,176.3976714819639
3687,115.14591630622716
3688,392.03065872498024
3689,486.7563253386242
3690,870.5065301339645
3691,1015.3878202731868
3692,815.62224817412
3693,589.138018971022
3694,254.53692909127184
3695,100.0346808393612
3696,152.30364113522748
3697,179.62344820664592
3698,222.75600484925863
3699,258.51684595158446
3700,111.4593151818723
3701,122.86499928476947
3702,341.2046254602683
3703,569.0832717853573
3704,990.2359266699672
3705,1068.529343837364
3706,1113.0829066121157
3707,1050.0700779555839
3708,1056.303028680186
3709,228.62192826914864
3710,-98.24375026625833
3711,116.40448492667706
3712,89.71126194731494
3713,925.7761435407642
3714,902.5213058096864
3715,1008.1177637443906
3716,885.5094568640051
3717,949.8801200166437
3718,959.7438398525568
3719,262.1001726282627
3720,305.86681627593356
3721,31.27944027953426
3722,37.22061794134475
3723,44.23533815470612
3724,745.7232255638701
3725,1034.198703078368
3726,1016.7778839578082
3727,1040.7336936328973
3728,1059.3592191778991
3729,798.5503281756895
3730,246.29811824073286
3731,344.41664745646216
3732,337.46332856256396
3733,2.0357444741136184
3734,85.72637191709039
3735,94.96041969168175
3736,728.5069636696704
3737,1062.7471587173848
3738,1071.4757907895873
3739,1149.9238362358649
3740,703.8343913838587
3741,393.9791108949058
3742,160.09465013336987
3743,257.3665697703686
3744,227.03889278439252
3745,348.1131769741265
3746,510.9417000188242
3747,602.8704557966589
3748,938.4782673554431
3749,947.8009861271075
3750,768.2603245881606
3751,757.574208401133
3752,114.71914155641109
3753,62.46563227939756
3754,-11.551900166995118
3755,160.8693147400547
3756,374.6746342349967
3757,411.45745906001986
3758,360.3225336269035
3759,163.4383599870899
3760,335.6856770513017
3761,669.4560971488703
3762,962.7336505837939
3763,1077.323634500318
3764,994.9721446882644
3765,1050.5594196005452
3766,876.9857942458062
3767,10.123802854435851
3768,55.50914303375987
3769,66.38464855309066
3770,417.6977456743966
3771,1084.8149662817682
3772,1041.102542787378
3773,1113.8307098934247
3774,536.2702381098671
3775,1056.3152357865285
3776,699.4460397959368
3777,406.5051214681804
3778,370.43652960109466
3779,45.98595878793856
3780,67.65160514194238
3781,86.91519364844811
3782,804.1526113786039
3783,958.9138080301979
3784,967.8003800513917
3785,981.7893545720667
3786,1082.6616964817943
3787,709.0808768217013
3788,96.8013181366549
3789,501.57882012693057
3790,355.7538445051748
3791,128.21211504086878
3792,235.68321162452085
3793,122.06162231992327
3794,770.9048729762336
3795,1039.3502446594432
3796,1027.7635832959577
3797,1050.050921490258
3798,756.1766633554287
3799,312.17779844122623
3800,82.70632762899244
3801,248.1302700700352
3802,337.630003596902
3803,612.7547001333228
3804,720.7911000945792
3805,676.4369155541605
3806,848.9885714890635
3807,742.1801056162681
3808,785.6555659750843
3809,555.2548878064238
3810,215.7730997862591
3811,81.40993881297628
3812,66.3295047690569
3813,169.3334583309477
3814,327.61123225928486
3815,470.5957931986736
3816,410.5831406642075
3817,370.1573855015549
3818,482.8039260600595
3819,619.6660359454814
3820,934.7635481633979
3821,986.4101986377065
3822,975.7213320249776
3823,1026.7706663035588
3824,769.6325795393489
3825,62.877488014773974
3826,61.528564680526806
3827,-34.025490963704314
3828,548.0743011598033
3829,1030.1112775473007
3830,984.5897385900562
3831,1080.91863778002
3832,848.5901584634252
3833,1071.7552717104013
3834,407.8601154301156
3835,602.7904925767821
3836,451.23256642276596
3837,-20.831458821092543
3838,56.65219958865589
3839,68.33103826998901
3840,721.8408616349863
3841,889.7875680637925
3842,917.0138157806085
3843,960.1334840027945
3844,1077.388495653279
3845,738.9620174201433
3846,188.19625648874901
3847,366.5754703823254
3848,269.39630745598566
3849,369.12273175050115
3850,398.71119486200024
3851,226.27416192734083
3852,638.7788219305863
3853,907.896213680183
3854,1051.044520523111
3855,1090.5613174714588
3856,814.6307329972092
3857,309.6999069560574
3858,82.66296384268685
3859,61.981414136372194
3860,225.7229900556234
3861,681.2740950090509
3862,864.1387483684124
3863,925.8447769294518
3864,845.0431231264998
3865,579.0845870359707
3866,508.984310811056
3867,432.1215056729463
3868,353.3334961734247
3869,240.96216896097908
3870,163.74874781299897
3871,153.65805017228305
3872,275.883151993131
3873,405.01955083553923
3874,341.89569999104685
3875,518.3422224107272
3876,596.3827067384096
3877,553.5775176034539
3878,830.4893927573675
3879,983.1994663358261
3880,971.0521100524871
3881,910.0131956624404
3882,857.7508865558267
3883,169.3817848989197
3884,15.81529202310478
3885,42.2293110617164
3886,336.68989230601005
3887,1028.4632334795244
3888,988.7766161438843
3889,1115.1298113695168
3890,1110.9671774514545
3891,1085.6780361196081
3892,401.6313513466969
3893,369.0136176317512
3894,525.8543354587238
3895,-12.276413836591946
3896,152.9494428677341
3897,43.57000965314639
3898,467.6453654161739
3899,943.9846000302326
3900,918.7242562832548
3901,911.1803106334805
3902,912.2496314859719
3903,941.4075915384047
3904,367.544465097827
3905,196.69023124794566
3906,135.56709638179845
3907,398.14870163561505
3908,626.0505757362444
3909,461.326110502989
3910,698.6623432142458
3911,690.3205458901231
3912,954.0129953185861
3913,1004.0815933608739
3914,788.3817032110342
3915,504.68520427973294
3916,91.28841462335318
3917,104.04135236127391
3918,128.76427615394778
3919,436.8794201714229
3920,801.0076331796687
3921,937.3080620983762
3922,995.1476422645102
3923,770.8796392641607
3924,509.4472557059628
3925,290.06502362482775
3926,229.43220881904676
3927,299.5997035965503
3928,248.77928903735938
3929,342.9713051280705
3930,344.1398995859346
3931,345.7297303556429
3932,345.2115327448854
3933,432.3256483940319
3934,467.62329760548783
3935,528.6598842627876
3936,794.4642768518037
3937,987.914353588399
3938,959.9388777726051
3939,906.5004753236518
3940,885.6566677884325
3941,294.26034730619415
3942,25.226919357377447
3943,83.1639069115655
3944,217.633505283162
3945,987.8568243697933
3946,1026.8372867337746
3947,1096.3783989474966
3948,1066.1308275195386
3949,1091.8633405739354
3950,606.562621447482
3951,211.79059531075848
3952,482.564895084075
3953,62.60328906892709
3954,227.53419052055165
3955,105.30115596894079
3956,393.73668930165894
3957,888.3970962335188
3958,861.3993447170259
3959,883.768420845476
3960,844.0546466128296
3961,994.9066950604489
3962,602.7589383168946
3963,188.52026452257567
3964,257.74417142947004
3965,324.80776420341124
3966,632.7725714037834
3967,579.0848403089238
3968,777.2340413347083
3969,659.2318828478299
3970,806.7725540347074
3971,839.7084924341966
3972,702.2287498513555
3973,663.7688411423484
3974,295.98960581331085
3975,223.1230800796299
3976,154.94744668629082
3977,313.5034236756998
3978,544.2874979740009
3979,807.9027113601537
3980,973.0628785131111
3981,913.3218228512031
3982,692.5481033610047
3983,348.059463291819
3984,214.54345326433292
3985,189.44518705496907
3986,265.4556883658964
3987,437.01239351677975
3988,427.7510877477706
3989,456.18214155793754
3990,282.4220460077382
3991,238.59169478330975
3992,303.40598486094154
3993,437.6667466557466
3994,763.6647827253599
3995,952.8865623872961
3996,969.8673128718027
3997,938.6152160117863
3998,912.7762299880427
3999,559.0806237766229
4000,28.850973174777522
4001,137.99871765097924
4002,140.62077677577633
4003,847.9584535107703
4004,1059.9056555057377
4005,1052.220976742413
4006,1005.8119393729174
4007,1043.3971018577918
4008,764.5641426777602
4009,170.45937804074802
4010,516.577291236101
4011,133.65641099932708
4012,298.72202901368837
4013,187.36955017262966
4014,332.29314459087493
4015,690.2552387104456
4016,803.8568648668199
4017,830.5135447686386
4018,859.8262519821114
4019,929.9507142744316
4020,919.1449546759114
4021,320.7476531508502
4022,319.0757871673375
4023,281.07902667258367
4024,421.034263935435
4025,452.57791938579936
4026,725.1873847230726
4027,795.6421495230679
4028,894.0692158569026
4029,905.3635619099206
4030,772.7619008548403
4031,718.9121177128613
4032,427.14138170588984
4033,182.87484943484648
4034,138.76272101300734
4035,248.12035828254307
4036,496.75737607052685
4037,737.8584597885924
4038,950.7090480678211
4039,956.7688848109461
4040,763.4490673050929
4041,510.3373218683262
4042,325.41800009358946
4043,248.08852154751756
4044,223.07177404405226
4045,316.2457085983337
4046,380.10453261659563
4047,368.2048674198173
4048,306.5388479912405
4049,224.9998909441235
4050,311.1817951053851
4051,400.8288175441451
4052,559.874192482202
4053,843.0836899217628
4054,982.743276114918
4055,973.226306628701
4056,920.8233267189154
4057,843.7545638440632
4058,130.74306473869834
4059,90.90951565022236
4060,91.87692447981446
4061,519.9004012428752
4062,1146.9533661973126
4063,1038.053601937673
4064,998.7283399509682
4065,880.8612762162893
4066,980.5982901927943
4067,196.44286799172073
4068,409.56944081669985
4069,275.5473984536705
4070,338.17191231588754
4071,419.869468193335
4072,254.16424231463978
4073,393.4989773013307
4074,468.99234576975977
4075,878.6563993498376
4076,843.1597177746335
4077,823.8033881657503
4078,1006.2115321781476
4079,892.9560501176281
4080,303.9191032708481
4081,278.3111101547811
4082,187.21504378485986
4083,185.45486163620058
4084,749.7393909559463
4085,994.3262622880173
4086,971.7739242256299
4087,1003.6669499701435
4088,871.2836738883881
4089,775.5568500821028
4090,440.2844739216748
4091,270.2510554821137
4092,138.4234586391451
4093,170.58666449453548
4094,312.3214868147481
4095,594.8490058786089
4096,972.5153281044985
4097,895.8493191820979
4098,1001.9969998242532
4099,803.0424121586344
4100,403.56255722012475
4101,181.53842114811414
4102,74.12678579037605
4103,199.05044885641968
4104,338.10046637752254
4105,436.92894964471316
4106,379.16551579353734
4107,307.2624924676325
4108,269.08775583484595
4109,245.44567921332222
4110,567.3639072125505
4111,894.447155958541
4112,922.4173472931346
4113,993.4157601648967
4114,1053.297080503713
4115,568.8475701620149
4116,70.40800765502345
4117,186.3353739265141
4118,175.0676432148238
4119,862.1147044475055
4120,1049.0847853206203
4121,993.3186290486439
4122,888.5875173730889
4123,996.0663767337543
4124,474.71758336357374
4125,265.86504207745605
4126,420.8006194000753
4127,244.4066247323366
4128,499.9021334889115
4129,179.43433706857937
4130,292.53721380417574
4131,219.34365794853812
4132,793.660415235077
4133,860.9741894201675
4134,873.9374829344309
4135,893.990516212507
4136,1000.4010872851508
4137,758.4552867780731
4138,216.28869552331685
4139,309.74500866141153
4140,168.1394646973572
4141,543.1607449559465
4142,1028.0985717858182
4143,971.7586719568785
4144,958.8239485432287
4145,943.8955541930118
4146,812.7770258739648
4147,501.9341049666268
4148,393.13580399164204
4149,267.4462628715392
4150,286.63113828585045
4151,398.6710428013566
4152,363.99971326125456
4153,710.8868888370234
4154,886.7894345821169
4155,968.1888647933788
4156,918.8499457065776
4157,709.6563915825849
4158,381.30400771591513
4159,154.11447386657213
4160,122.85409739192282
4161,178.7793967264354
4162,347.9101944367735
4163,334.8109340790947
4164,395.4738708569136
4165,302.67846880123494
4166,312.557869865624
4167,288.211790896999
4168,500.01741759097445
4169,952.7265633787928
4170,968.3866095003272
4171,1019.0212406452109
4172,1124.1325517465975
4173,722.1598489007374
4174,115.61301320195248
4175,179.3739632592659
4176,48.32833127465764
4177,603.557773522749
4178,966.8747456288171
4179,888.4196669013828
4180,908.9719273801104
4181,977.151372459266
4182,701.9022679632458
4183,506.83814795243103
4184,232.0352533987717
4185,415.50101777202127
4186,347.9089660505339
4187,205.42019470723767
4188,115.35296552541654
4189,169.3179357412737
4190,896.9465762154308
4191,912.8002157897198
4192,941.604645800779
4193,952.5298912001244
4194,1140.2540696622095
4195,880.4368533623143
4196,231.24593325045353
4197,253.03097793978034
4198,149.97274957606405
4199,387.1091008160592
4200,899.3513015976207
4201,946.6827129513107
4202,937.2984210394526
4203,893.1757875856596
4204,975.5843323062842
4205,757.6934787527366
4206,366.28328256625156
4207,155.1595822878973
4208,267.88295116268256
4209,227.37971739331712
4210,520.9117326923362
4211,806.8733417170288
4212,950.4797636141677
4213,993.9019617138379
4214,1024.6032081647604
4215,866.6038054259228
4216,250.1338829470577
4217,85.285442360435
4218,100.30917360331544
4219,117.26145245002378
4220,209.67444819220407
4221,342.4754856051543
4222,400.35512285938637
4223,374.1297885751105
4224,318.58576915037014
4225,685.3638736699179
4226,1058.9014639645534
4227,1059.9657047085927
4228,1068.1583510853911
4229,1120.61711173525
4230,575.5468911321416
4231,13.680842658288478
4232,66.50718657897237
4233,-47.91781338628484
4234,470.6189035880418
4235,970.3326868763679
4236,930.0995931624753
4237,1003.3842359029377
4238,1063.2805836109637
4239,883.8436450165262
4240,523.1370748384712
4241,129.21992568944677
4242,401.09002359364644
4243,174.8135490014697
4244,193.28032379061014
4245,77.39453269630842
4246,443.3696940942317
4247,1033.319175362829
4248,986.4428938442679
4249,1039.7586345428235
4250,1004.8588629631959
4251,1094.018293231212
4252,745.8155171043093
4253,62.8482534708936
4254,162.20019103852385
4255,117.02278846074101
4256,356.76798160658456
4257,982.7084679753988
4258,1060.363698294263
4259,1005.086608915069
4260,957.5053655644333
4261,931.2693420254506
4262,705.6923689676177
4263,360.62050357216214
4264,191.7005221997318
4265,292.33472743788803
4266,233.46331827548576
4267,533.1993519829258
4268,727.3981165984919
4269,989.7326739442642
4270,990.6714276530602
4271,966.209775991445
4272,934.5795433965395
4273,344.6296030520545
4274,-32.59716280225449
4275,37.73986896229019
4276,99.58099483582795
4277,163.2558670741931
4278,426.098737218621
4279,547.5067138581736
4280,548.8660884533916
4281,433.4980363327136
4282,611.5289748450994
4283,1029.0961005774745
4284,960.1993714315555
4285,947.4882849232941
4286,955.4075365858449
4287,733.0311198054818
4288,72.05696339554326
4289,105.09300632668959
4290,36.14463096890312
4291,261.1374500258218
4292,933.5681463778409
4293,903.1217910063172
4294,896.5765626949787
4295,955.458010949574
4296,992.8225857748386
4297,703.1357163282404
4298,154.37726495130542
4299,397.98482481606277
4300,366.1951946593218
4301,330.29729025186106
4302,191.84781533681965
4303,385.3874277670434
4304,866.0575788458481
4305,921.9024670845401
4306,868.0810417534714
4307,883.8184247582716
4308,884.6234171737385
4309,955.3258289423426
4310,407.18025113115306
4311,179.27123343190516
4312,344.89235828743386
4313,257.08166454313795
4314,849.2604056195306
4315,1093.796175409129
4316,920.2423360500749
4317,867.4383610404017
4318,829.066331463955
4319,786.4140802105917
4320,364.83563431191965
4321,330.47260541469745
4322,351.19191960187885
4323,449.03342520426105
4324,455.62552265300195
4325,606.8282332065454
4326,862.5306550817158
4327,876.9789711759054
4328,887.4919268726687
4329,873.8878256736584
4330,639.4266841668642
4331,118.748360460093
4332,45.14582898285059
4333,134.55630546796337
4334,190.07470720254625
4335,423.5156739304198
4336,462.66311006473273
4337,545.0963219701083
4338,441.64153563368427
4339,314.93333756738326
4340,520.1380961420742
4341,983.7289790719057
4342,1022.1771725445847
4343,980.5887208727028
4344,1019.6785408533661
4345,833.4024927211493
4346,125.72484931683204
4347,47.517698838557216
4348,-34.53489527921836
4349,-17.81596780638512
4350,717.4498829682047
4351,982.2524334993582
4352,1024.0398010171189
4353,1062.1576069695582
4354,1104.2310789066871
4355,928.3280056255504
4356,219.1605702688064
4357,365.0938586005415
4358,539.1707241834737
4359,430.84318644288845
4360,150.78805862045434
4361,45.965834649634196
4362,543.8702055399369
4363,923.1875237363903
4364,919.5716977835687
4365,906.903825129889
4366,947.0934869131951
4367,1160.1559235845123
4368,756.2857512002869
4369,228.37945245750282
4370,310.5373377265214
4371,135.6510838538703
4372,509.7740760228617
4373,975.5690302726844
4374,903.3790160061809
4375,866.0345852815327
4376,853.5819222086906
4377,852.2850223322515
4378,420.285491950571
4379,288.0152893058247
4380,209.8202559463764
4381,394.81874034440165
4382,514.7366726171232
4383,690.92231459922
4384,775.6536612058094
4385,867.5953561694145
4386,889.7172613980754
4387,823.0015457591334
4388,584.7889893035689
4389,197.23800935763612
4390,116.05367978817709
4391,130.8577658355735
4392,133.1016218339592
4393,161.6500411447391
4394,293.040648411871
4395,378.20127693010556
4396,443.0877334823164
4397,977.2719506157737
4398,1063.1664796103196
4399,1046.7828639987872
4400,1026.287539365356
4401,1060.9456131888576
4402,382.9340234972797
4403,-83.44112362706598
4404,-6.02530173932843
4405,-134.28286131304736
4406,480.9718725479788
4407,1060.7762502111632
4408,1021.2385046470832
4409,1054.9146496732112
4410,1045.9095650575011
4411,1222.2845247994444
4412,639.9363378711173
4413,220.9437086587532
4414,461.86536926285174
4415,102.55107028154991
4416,83.80662398267087
4417,-104.09975839874394
4418,470.8105760770682
4419,935.9862954738788
4420,1043.2267363499668
4421,1019.8672193969528
4422,1054.3426080011482
4423,1111.6099685933955
4424,1023.3025475326352
4425,242.3648267870714
4426,107.18460278300306
4427,147.59358166399224
4428,179.945559290072
4429,718.3566814480819
4430,1030.3168411848692
4431,954.3442996081385
4432,891.3939681622747
4433,858.6083891866319
4434,700.1523824293313
4435,416.0158131207076
4436,178.22665906383872
4437,298.2948715844489
4438,240.50534372117238
4439,493.27783769590246
4440,706.1113052676204
4441,876.8644361652317
4442,1054.0153650431166
4443,956.4944217448206
4444,774.5179996131949
4445,349.1990164550065
4446,96.5130311469807
4447,30.78804773704796
4448,48.41039684262351
4449,43.81305743229209
4450,197.80279218965964
4451,455.5338176101948
4452,458.45593664298076
4453,674.3362139107875
4454,995.9218060361377
4455,914.0212324700592
4456,991.0967755918973
4457,925.7502216538333
4458,895.4692661585052
4459,290.0701976341465
4460,-13.491270989593175
4461,137.24189214752855
4462,63.663344724347546
4463,683.7395373976319
4464,1084.434631107464
4465,961.3787956517721
4466,1016.4328863633972
4467,925.5618210807125
4468,1023.8255209455897
4469,394.8569378350038
4470,377.3591470717948
4471,342.96130635760034
4472,116.20415690251774
4473,232.99716509164156
4474,135.51817857977517
4475,683.2959872249496
4476,758.6482710689532
4477,958.4018633649586
4478,913.3846002612714
4479,973.4187751735891
4480,969.4291012907285
4481,972.7506929783731
4482,469.56421556538925
4483,143.05523182391846
4484,258.30438150190065
4485,132.76616423881165
4486,609.920247314678
4487,935.9101066778121
4488,846.2987039707536
4489,838.0502380033796
4490,810.7603297414877
4491,843.3186365722231
4492,376.5743466692778
4493,195.56032546935387
4494,317.30309895013846
4495,352.6646590330052
4496,546.2302799040373
4497,684.1953252007968
4498,868.941614627262
4499,897.201445714875
4500,828.6154419851936
4501,635.0863766848744
4502,368.61835643765596
4503,141.53124204036683
4504,-20.030491261005434
4505,83.68930710668748
4506,98.41006443684033
4507,320.96947886829616
4508,467.2343892245719
4509,509.0369007040333
4510,650.7728614700321
4511,979.0467601123313
4512,926.3005800196447
4513,923.7812270272995
4514,878.9367912541676
4515,915.9601005045997
4516,481.05097806591857
4517,-32.20832009719367
4518,194.8845294939524
4519,72.28601060941796
4520,446.9096116244868
4521,1010.1053304101821
4522,869.7465193545406
4523,928.1239100303
4524,870.1418994522164
4525,982.0201813864688
4526,467.30182342953066
4527,332.8594598284539
4528,514.230970257592
4529,366.9104572543509
4530,477.3595575990566
4531,167.4516043137837
4532,574.1121733328581
4533,448.583109523265
4534,769.5164807414476
4535,868.7010626254535
4536,817.8698784545271
4537,858.3921214564764
4538,893.6620258214716
4539,844.5442037329332
4540,212.18164703048683
4541,271.88253279730594
4542,209.0536756773283
4543,338.4464505714454
4544,852.608493093698
4545,821.1347116603998
4546,838.3749116678255
4547,771.9800488422356
4548,852.6817076149179
4549,655.5759928057005
4550,412.1357042629373
4551,361.4887661196105
4552,288.8110012233014
4553,412.51678978960865
4554,409.78406842679277
4555,644.5901417516379
4556,709.6704691062623
4557,774.1520742573393
4558,702.7341675269091
4559,544.1784293352997
4560,309.6884800241874
4561,-2.9793435263686137
4562,100.151777702106
4563,163.83204693861748
4564,207.6465451995972
4565,363.029430600857
4566,529.016256762139
4567,651.5405081187794
4568,910.301288543755
4569,895.3271505586127
4570,800.9066619784368
4571,782.6696678119782
4572,814.2091452968632
4573,641.7214690828802
4574,66.41872582688082
4575,116.14214140600181
4576,165.7301609427544
4577,245.52824250566638
4578,908.2824293693611
4579,891.5981108227705
4580,899.6511493134412
4581,860.2705048460058
4582,852.90191920815
4583,725.5170504305837
4584,416.4131142027616
4585,588.616400865332
4586,364.411140151991
4587,598.7173765687628
4588,192.5659656789452
4589,467.7704361891186
4590,274.5300250080323
4591,387.78258237344966
4592,863.6190332855259
4593,759.7789254059397
4594,845.3840795440796
4595,795.2561804411466
4596,908.5569613734048
4597,549.0332912016123
4598,218.72058181143362
4599,306.94327705079695
4600,231.0578450240719
4601,600.298245150888
4602,760.2220021243679
4603,845.7192198645195
4604,754.9666639929395
4605,821.5739805621829
4606,594.8511994826365
4607,219.30785179095056
4608,331.46106663631264
4609,207.06824319307512
4610,497.9956576568041
4611,492.00178172354225
4612,656.2155895517149
4613,690.1431214269903
4614,591.9433788128925
4615,518.90620028414
4616,368.9561668289021
4617,391.5885652138413
4618,152.32341685203215
4619,138.6639952234879
4620,156.7079440680539
4621,217.56554832067894
4622,324.22285032982785
4623,364.99605601039826
4624,546.0560153174979
4625,788.8513085138387
4626,779.0344546324854
4627,749.3257117410772
4628,764.6710408615965
4629,733.6791211781465
4630,647.7377914561672
4631,102.78874320684788
4632,94.8407807062561
4633,215.76449385213888
4634,292.27616105496514
4635,871.2450768256645
4636,882.5281139352614
4637,842.7906835467304
4638,777.857110064127
4639,824.958167017158
4640,600.6454532208093
4641,321.16106590448095
4642,641.7019714929645
4643,516.8614620463935
4644,793.119261414142
4645,234.9887030352214
4646,383.51245247471707
4647,210.28928743955416
4648,207.18641069019418
4649,598.0543454011673
4650,774.5410920980258
4651,744.9424805230382
4652,757.61500715972
4653,853.1691517851195
4654,732.5917626998599
4655,269.4822222370579
4656,264.2732275910593
4657,271.74466968977345
4658,496.7922739989269
4659,604.4545474175545
4660,771.4317277413829
4661,687.9722442431474
4662,662.7800365030437
4663,377.4669365975117
4664,247.40325580151242
4665,326.8293421925204
4666,310.0533408859873
4667,568.9988804550828
4668,537.7432395427901
4669,624.6075324742234
4670,592.9823657634957
4671,481.4692940505543
4672,440.63597661012204
4673,289.7695166523201
4674,333.0782934538871
4675,203.73640120628275
4676,279.8041171153924
4677,262.3944229392515
4678,253.93903575663649
4679,241.45128317030813
4680,236.21648160864834
4681,292.5988331152228
4682,572.8893173323085
4683,713.2070940784849
4684,663.3954607653689
4685,700.000320349238
4686,652.522417199292
4687,795.041590509247
4688,457.88421076024383
4689,109.66556102559662
4690,273.01889651387177
4691,217.04994818409435
4692,600.0265829892454
4693,891.8082852431031
4694,657.4660294976212
4695,641.1514058530846
4696,657.428922953121
4697,660.7199101222608
4698,240.39269975426245
4699,576.3587798634615
4700,532.8086140066057
4701,874.2751182699387
4702,581.0310169386588
4703,557.1860293219708
4704,455.8045218648621
4705,205.84527504604435
4706,218.03729352928485
4707,348.65978265691484
4708,749.4665381542495
4709,709.40793567832
4710,678.2591442224037
4711,789.1022209953443
4712,767.2177388746312
4713,422.75443870380354
4714,257.39024734690065
4715,288.19619280844364
4716,288.99094946199983
4717,594.6092324058372
4718,664.0775878996405
4719,528.1427801615671
4720,523.0443563744839
4721,328.2386248524879
4722,382.58877689409815
4723,271.0420956376951
4724,405.2255174606676
4725,489.10488482711935
4726,526.8644865486742
4727,598.4828006323638
4728,477.0236804382246
4729,456.78717504890386
4730,342.9858294658582
4731,423.98096447410245
4732,321.8750934459356
4733,254.30643554264955
4734,257.4878917102539
4735,202.5137972475986
4736,208.35724792583477
4737,125.69263711977347
4738,144.8228103179842
4739,157.49945655187196
4740,609.0795054924411
4741,696.2874130307966
4742,712.5685027230493
4743,751.7380673430606
4744,729.1570794504092
4745,836.0958147782103
4746,418.93863450094136
4747,174.8439735780264
4748,256.34247986321685
4749,123.37418021507303
4750,353.41783942682684
4751,602.7687076211693
4752,597.0244202459078
4753,543.2536845794069
4754,664.975628061518
4755,579.2099995472373
4756,494.37954779238515
4757,641.5235089657023
4758,629.9271406900626
4759,915.2689477712485
4760,785.765168553539
4761,861.267794552967
4762,364.29133499600346
4763,221.55030022222553
4764,196.1115491681507
4765,201.2947401925244
4766,476.72345553035717
4767,549.1122020917489
4768,649.7688710072157
4769,653.388052102645
4770,838.5850726918021
4771,622.6356542785267
4772,319.2497806970575
4773,358.06872537195375
4774,241.40107798241874
4775,603.3834781754732
4776,505.35293216583483
4777,559.0324675715993
4778,485.9981545009694
4779,265.0061220533334
4780,233.30115425977854
4781,158.1295750177725
4782,359.9217187893714
4783,375.6233334112676
4784,612.4764460984818
4785,701.3425169301171
4786,669.84457245663
4787,519.9222214152634
4788,326.18288389886953
4789,311.5428904255932
4790,107.52036944800388
4791,197.78625542489394
4792,130.84155246985924
4793,185.79778558340226
4794,147.84942291784225
4795,187.1678166882624
4796,158.3311088545615
4797,409.8676255101891
4798,697.7434735237142
4799,704.7501510485671
4800,722.3661075568635
4801,745.5246941282123
4802,785.2743823906718
4803,688.5922708521686
4804,205.48324086514677
4805,220.62976372263086
4806,127.17659425003598
4807,-9.386306759708154
4808,168.8208627569848
4809,624.3972207461075
4810,636.7744967984728
4811,627.3993632955123
4812,731.7449788765952
4813,726.1413700887248
4814,701.2551289386448
4815,654.6160680173813
4816,863.2081901893979
4817,840.2358824477528
4818,833.9625579633768
4819,708.7271958080321
4820,202.04403591541256
4821,187.04661312679949
4822,142.45724342242536
4823,126.04261934051702
4824,92.1490824025842
4825,562.598121443546
4826,732.2240150736435
4827,651.2135685157123
4828,807.4586097768566
4829,815.7927624492169
4830,617.4223432732707
4831,307.2574374457078
4832,444.62727679700794
4833,439.6483190451362
4834,430.97811441358516
4835,517.9283338311034
4836,297.6779038220836
4837,299.36148636756735
4838,122.19713548375869
4839,269.3195369464377
4840,312.9636011338826
4841,500.62572716040455
4842,638.8759654125059
4843,579.3439266771434
4844,620.2102966860691
4845,432.28108709666066
4846,459.46928582021707
4847,209.52651617203543
4848,181.33592853206244
4849,173.84407594217498
4850,187.12390595222934
4851,209.2334347502961
4852,162.09345823936872
4853,137.4267506001816
4854,298.3418882171399
4855,687.797113510755
4856,706.108910065022
4857,754.5210595120724
4858,697.6924071157194
4859,702.9682404193883
4860,819.8225110435601
4861,418.44777031388816
4862,134.2873791503152
4863,164.41815994261788
4864,81.21195321501956
4865,-35.14108846105573
4866,437.1804759674161
4867,728.7845178360388
4868,685.9923259091149
4869,781.9986153559435
4870,850.2606367428369
4871,798.2552465484831
4872,549.5867751796728
4873,677.521752002009
4874,700.5025702606672
4875,677.3976933091373
4876,832.5953124526534
4877,633.4860264648155
4878,270.9758158381871
4879,123.63834239451478
4880,121.60641331960862
4881,129.14245202533615
4882,196.2270236440804
4883,492.6419615164327
4884,589.2431621739919
4885,744.398542689736
4886,732.9401706730546
4887,826.951218264763
4888,643.5929338809416
4889,437.08953483580706
4890,368.0304816228384
4891,268.8022499485814
4892,450.95127217772233
4893,355.6826269709361
4894,371.73800521399187
4895,307.2811861030994
4896,313.950136726664
4897,316.7260607401424
4898,268.7051999297309
4899,418.15955713148844
4900,393.26878935584404
4901,569.4931507041177
4902,486.325184532012
4903,478.26324495477957
4904,389.0615908840647
4905,317.24952568465875
4906,220.35442387480282
4907,91.19523301723454
4908,113.28495334355361
4909,71.14224701265739
4910,194.63343069167675
4911,609.3934840646587
4912,707.3479211297091
4913,666.9492897536056
4914,709.7671971208264
4915,749.3572926049831
4916,793.5358206724877
4917,663.5818886071812
4918,167.25020573102225
4919,159.66266961239856
4920,146.5155037930466
4921,73.9781354442453
4922,195.40683062076118
4923,712.9767552254893
4924,706.7764342724827
4925,726.4380498343077
4926,721.6271393476318
4927,710.1883992336466
4928,557.3684466753986
4929,589.4427439403173
4930,690.160427656818
4931,604.3254405241581
4932,746.1660202600806
4933,661.4783936991985
4934,497.1936771884702
4935,261.1813480980324
4936,169.76537380087683
4937,200.97764220559964
4938,148.84708500290813
4939,305.5333261145971
4940,367.22021639880535
4941,652.1134918879102
4942,675.4460101767667
4943,637.9972652411597
4944,647.1873027050785
4945,592.003597831176
4946,482.87818576993936
4947,301.048447848872
4948,435.1289578996772
4949,416.7929048680325
4950,400.2678009657975
4951,327.56045204357713
4952,296.58579351661166
4953,248.3594307101669
4954,160.3081297097881
4955,316.0079312372291
4956,368.2529735867259
4957,559.1933634666675
4958,605.4016582908627
4959,593.7235319764156
4960,498.68617864646825
4961,329.5570808474114
4962,229.1318689020905
4963,50.283002001901146
4964,64.21754740236806
4965,51.590091652826814
4966,65.39168484461717
4967,221.06740246599267
4968,686.9660743000217
4969,807.4453330837177
4970,788.6570976741766
4971,794.6272783467305
4972,714.9346183340857
4973,752.5874807133306
4974,665.3499519276694
4975,136.21048608759133
4976,112.21816232217024
4977,82.21335733396717
4978,-17.64641079135398
4979,157.38869803398475
4980,732.2141490664723
4981,706.3340289094147
4982,792.6911114694661
4983,809.0781892451324
4984,740.2734840000837
4985,522.2478431415055
4986,483.07446339819836
4987,530.3078129365131
4988,551.0398830102428
4989,740.7429066949139
4990,694.7584145184987
4991,635.8823284537789
4992,413.25255079028256
4993,171.2574698098138
4994,193.8591654542948
4995,119.70299097957285
4996,64.516576926293
4997,97.36613152632333
4998,470.15693929411805
4999,650.376970886782
5000,644.1488715886649
5001,675.2555201324442
5002,713.9228457038893
5003,702.02816381577
5004,428.1815429520617
5005,399.36373836258446
5006,254.25248254625367
5007,264.78032570182114
5008,288.8590822011454
5009,317.2491801540364
5010,350.7709835949095
5011,275.317812158873
5012,381.50559544845703
5013,362.812912948682
5014,467.71606082264526
5015,471.57440718184404
5016,497.23053381714317
5017,421.697685588683
5018,276.6527452964469
5019,126.4947821110617
5020,16.063210843749918
5021,45.26122448798959
5022,13.646659838825203
5023,322.0504623484645
5024,844.9925882091396
5025,829.927274592679
5026,834.5819336247015
5027,832.694387950639
5028,743.5409211234345
5029,788.4227550104887
5030,515.6961868911295
5031,-62.75575882997882
5032,-60.58560482093961
5033,37.971702399206215
5034,12.68757368324742
5035,440.167432541846
5036,831.0191819135703
5037,763.9149778532578
5038,806.425580675812
5039,781.9495137895638
5040,699.9433436285385
5041,325.6466879342271
5042,437.6633761995688
5043,432.77067271458
5044,630.6775569918844
5045,767.2132453743324
5046,686.084760219586
5047,607.3715872773729
5048,286.79419256193506
5049,124.14552960060507
5050,99.16495245955427
5051,116.94716463609917
5052,74.09249786145946
5053,192.77697001699457
5054,538.480263812049
5055,649.5056734713288
5056,691.9490838340265
5057,688.0668596843378
5058,718.6856302350726
5059,622.5149090159773
5060,467.8890551200108
5061,358.94839352955535
5062,256.04804226476955
5063,309.476791414111
5064,251.41360098614348
5065,295.6546264099721
5066,226.2025678516587
5067,335.35545330245725
5068,341.92974625555075
5069,356.6998831796032
5070,477.4729178126731
5071,433.92361353533477
5072,467.809187905266
5073,373.9913235471929
5074,324.0203137870222
5075,153.30865572126922
5076,96.77049826763663
5077,118.20143652754548
5078,78.81613572932302
5079,257.0706652593343
5080,728.892412788723
5081,811.7554507996666
5082,819.5848557128811
5083,788.1363290982295
5084,655.8493127101275
5085,654.5749846685056
5086,559.2723571395428
5087,83.72137333366304
5088,8.378875574652929
5089,75.83799307062633
5090,53.37969142382004
5091,301.2080224755857
5092,713.7889639530945
5093,749.1689983963469
5094,759.5576976916511
5095,683.4367933514752
5096,692.2559735309924
5097,397.83180493297516
5098,361.28863980087567
5099,333.35189492586227
5100,487.1341694577006
5101,689.5117856959027
5102,623.6977382763883
5103,676.5321576697978
5104,470.0357282949739
5105,262.0056960459307
5106,142.39899249733114
5107,158.10657350175427
5108,144.54845728280563
5109,117.91483933627866
5110,319.53876504879094
5111,452.0489569427604
5112,648.5889013341828
5113,680.9367585344838
5114,691.8141420972771
5115,639.2966669503302
5116,677.4494769084943
5117,481.93542362914195
5118,238.0732033116814
5119,217.26259379002107
5120,154.28632095365967
5121,229.78613853684843
5122,222.00035870815074
5123,359.3926319177949
5124,356.36573007789775
5125,368.9638908664763
5126,451.46358139461444
5127,370.60426724657833
5128,399.1426671487777
5129,327.2680171295888
5130,306.2497322925953
5131,163.2371301539612
5132,121.46478366005276
5133,107.81205804114056
5134,59.78658450945415
5135,453.0342074937503
5136,756.5608768315499
5137,679.5147526017586
5138,708.072255136612
5139,760.1740145013806
5140,688.6657510349614
5141,742.4848500650922
5142,529.5289981107398
5143,43.30509792999694
5144,33.40124187043136
5145,89.63822310487764
5146,111.33064912354338
5147,315.0596781024118
5148,594.1504284305988
5149,719.9882775571613
5150,707.2120216392626
5151,692.278697810032
5152,588.0903388796385
5153,326.1984046482131
5154,273.1502739654598
5155,267.2490244583576
5156,580.1750093387244
5157,617.9672570062179
5158,664.4620744807107
5159,698.5623199665515
5160,529.6081013486607
5161,319.54849364494754
5162,131.70850174613713
5163,109.51599383607552
5164,111.20740203197741
5165,137.83511008644504
5166,223.17028276405938
5167,446.464246777034
5168,642.0381196335221
5169,659.1335033428998
5170,634.9676352498324
5171,646.4132952985321
5172,643.9306492670936
5173,482.5846494420225
5174,293.2777081135427
5175,189.2407335184508
5176,185.36978841670307
5177,167.0753841029508
5178,233.65056422715148
5179,342.43357205908023
5180,366.4445903913899
5181,452.2689702777698
5182,419.440656248369
5183,419.8863465320435
5184,320.4903274153124
5185,250.71525841776543
5186,154.1371120589641
5187,96.61517079532462
5188,151.21148321562646
5189,177.33082403054357
5190,163.91181663478665
5191,547.5679306431191
5192,781.9809790575301
5193,693.2975507885719
5194,740.9932384858834
5195,698.224128619534
5196,657.3552485476871
5197,676.5070219901188
5198,411.7916294647105
5199,109.2745546206358
5200,79.32742566329557
5201,73.87548101768068
5202,93.87299165912845
5203,274.6035098111832
5204,534.1610884981565
5205,620.7804337228405
5206,582.0172120618635
5207,575.5958536671927
5208,551.5861419408958
5209,439.0974925841748
5210,305.29504397825735
5211,329.2029761911679
5212,569.2306183238528
5213,587.5088082971251
5214,687.2924061583778
5215,646.225252797718
5216,524.3806524229709
5217,327.0367822256418
5218,87.48597241418688
5219,102.19864146594756
5220,118.91614349631884
5221,98.96292334278154
5222,125.44419320006205
5223,350.2997042435322
5224,582.6214563010296
5225,631.743882267674
5226,646.2243137426206
5227,619.3313156652877
5228,605.1357260505389
5229,560.8829233539533
5230,354.8805837115617
5231,216.700691638961
5232,177.3679780245621
5233,136.72174458350537
5234,235.5549970770525
5235,312.2011472629665
5236,368.27286657308304
5237,418.18661063042185
5238,376.20276415635294
5239,348.99290074776906
5240,263.6888345297895
5241,189.59234259128144
5242,123.09596248480973
5243,15.505659683952311
5244,85.05193247023314
5245,166.92382951787124
5246,444.5284108402559
5247,733.5398669283994
5248,716.272616059006
5249,670.8206422968078
5250,664.7306198238992
5251,717.7677361372752
5252,703.0835497546155
5253,584.342301902153
5254,174.68122167703393
5255,68.35889320849223
5256,102.72144819806594
5257,83.44755248741042
5258,63.404734424869794
5259,256.21845387564
5260,540.5046815821671
5261,548.1331501979909
5262,611.8197771784281
5263,605.8231576001133
5264,604.3436652157403
5265,421.2162858751512
5266,304.9883701392171
5267,453.89951855562254
5268,484.24142765779806
5269,612.9659841632907
5270,658.2021603874495
5271,576.6955675087391
5272,467.18405228892647
5273,259.8502426530422
5274,79.6770928842016
5275,53.36032130805111
5276,74.28350978328815
5277,79.09416699109259
5278,173.8331579946816
5279,432.42420206711364
5280,602.5535286299963
5281,603.0009316937493
5282,628.9724488968045
5283,590.1774202745339
5284,610.8793907937685
5285,497.9478508113689
5286,245.23231468267363
5287,193.28617786621004
5288,162.01460374996586
5289,163.5935194962091
5290,221.95245379613988
5291,244.80285304798545
5292,332.44313839272047
5293,307.08257802925124
5294,324.4858622821821
5295,297.26374348397707
5296,153.2886095820834
5297,134.86273987341886
5298,100.68832187601961
5299,82.77444501523343
5300,135.3694589834387
5301,421.65393445123505
5302,656.2276915700444
5303,719.8632696994756
5304,752.6730093842848
5305,732.7514963402142
5306,730.8238138831437
5307,679.487134487479
5308,570.5721404850916
5309,144.28895523930163
5310,29.330505023127188
5311,4.343641283572047
5312,-16.36274642816294
5313,-27.767522054851135
5314,222.13454827022005
5315,565.0567190038468
5316,583.1690727941291
5317,620.7468831285375
5318,591.1412283773758
5319,621.7588818392508
5320,485.85328108930497
5321,351.10735169527874
5322,388.7569376489194
5323,394.9656017609132
5324,567.6951178717599
5325,600.0458443094426
5326,582.6171466931845
5327,487.74532002447455
5328,293.14263478590715
5329,89.03887262727724
5330,31.979185454266837
5331,45.231154951029005
5332,17.883802745205934
5333,89.76666044369534
5334,256.5048742085864
5335,492.52283951863006
5336,569.4087461995135
5337,591.7390360263265
5338,582.9038364940765
5339,588.5270213342719
5340,628.7639924374748
5341,346.91887925001726
5342,209.15493782869706
5343,113.29624655998288
5344,100.41099722353435
5345,175.8465131540085
5346,222.88501920988992
5347,273.33843077303504
5348,233.71963276490297
5349,259.4002283377264
5350,220.45783426561317
5351,177.611028733918
5352,107.49339745050762
5353,71.7531080470538
5354,72.70892223539936
5355,177.01567981282525
5356,596.021024362691
5357,740.9862708497559
5358,757.1362589798007
5359,696.2722751234672
5360,690.841578188172
5361,690.7301319217657
5362,682.6692752505329
5363,505.59161759132166
5364,46.40154537133694
5365,-58.72934170853615
5366,-94.91974140369719
5367,-42.208415364711556
5368,-38.95959428656044
5369,299.22970753063277
5370,602.2364379444125
5371,589.2321467168462
5372,620.6609219201922
5373,600.5698788499302
5374,597.1191177819086
5375,433.28708117733953
5376,346.19325301355434
5377,358.21807309348804
5378,464.6759469974229
5379,552.7100462872041
5380,546.7823660078499
5381,552.8035281451281
5382,425.5872059047761
5383,253.98041145572688
5384,23.862177097232262
5385,-12.442999348017214
5386,1.626601283872045
5387,-26.55387300893659
5388,29.451543375299703
5389,161.18474857440862
5390,438.2258269352313
5391,590.1578753632963
5392,552.3185277974155
5393,607.4914354080723
5394,644.741194782011
5395,633.4691419642244
5396,396.2696847814588
5397,213.18702649321918
5398,95.36770280344896
5399,87.11415293586833
5400,95.77175474406627
5401,146.540630806997
5402,162.352139147464
5403,172.51328682337643
5404,187.10946017001112
5405,128.53054220683433
5406,81.91423143038551
5407,37.23076823321787
5408,35.913197038543935
5409,245.54872440833404
5410,665.4615615052635
5411,778.4385978780404
5412,746.4476372673988
5413,710.4586004408922
5414,694.2516553263563
5415,705.296667798024
5416,666.2547972709577
5417,456.59502060269443
5418,14.824492387619337
5419,-101.7718055714802
5420,-120.77832827996751
5421,-82.74910308490834
5422,-86.50698674000286
5423,180.71990716533594
5424,398.0591046077696
5425,527.3054035957014
5426,592.0318025906336
5427,573.8088224099091
5428,603.3451783997875
5429,478.1238294283681
5430,415.51928906421733
5431,347.5938137845317
5432,417.6372527377495
5433,477.62801053107887
5434,489.1198565877244
5435,560.5290868921569
5436,347.8394173865807
5437,242.39995325020809
5438,-15.450577909245139
5439,-96.67640892248659
5440,-105.28928430385204
5441,-84.82186559511182
5442,-60.618965702368094
5443,91.8490130377849
5444,378.7179322502071
5445,522.0094339843981
5446,630.7401720244587
5447,618.2419277421894
5448,658.8343708409606
5449,584.1677008633021
5450,464.2474791274979
5451,244.69174667955858
5452,117.4067472616419
5453,98.49368013263646
5454,2.33942359416741
5455,58.883003984504846
5456,-2.8525603628468503
5457,72.15446436350159
5458,50.39210488065187
5459,45.5717286024657
5460,14.610392104664069
5461,34.676555238520386
5462,176.17021466582588
5463,499.03607621780276
5464,708.1932272395461
5465,750.527359486293
5466,749.4400825164352
5467,662.4651344505116
5468,733.8911536754255
5469,657.9074692955944
5470,563.8042237152127
5471,180.68613895587333
5472,-127.69628853113602
5473,-141.95616212252705
5474,-179.28586159260692
5475,-141.0692193525786
5476,-21.72339828648991
5477,127.539088700641
5478,337.8646701399422
5479,551.0128933582517
5480,567.2664050904076
5481,589.2635097167177
5482,509.2449808098613
5483,503.9512086404664
5484,420.95523939601213
5485,408.0778615416962
5486,401.91980731541264
5487,404.15133330482104
5488,464.46182570541936
5489,349.5667233614955
5490,267.53344923623615
5491,88.36192428548452
5492,-71.82846278716065
5493,-129.5090857779813
5494,-116.85569988855548
5495,-125.34683486264306
5496,-29.93816962893766
5497,143.57034739669072
5498,342.4865528322405
5499,573.1337484695531
5500,633.9854924930095
5501,642.1783505972124
5502,580.4639757038699
5503,548.8424710179545
5504,356.4442936109108
5505,181.89938410280496
5506,113.01850862743551
5507,10.310061393767258
5508,6.065875918371885
5509,-28.583140393043262
5510,-9.540325828574996
5511,-26.227424317734386
5512,8.236297676590699
5513,-13.266838238596568
5514,7.718827563734924
5515,138.77412076237638
5516,440.0677035904928
5517,644.9202335689716
5518,671.6366830533312
5519,723.4469048933498
5520,626.3035002994036
5521,689.2757703694562
5522,617.3320375886757
5523,564.7301088825021
5524,306.4518300071857
5525,-50.3223478406646
5526,-145.33918474994024
5527,-174.23101211404148
5528,-151.44054047435586
5529,-98.04199128417034
5530,-17.586920990568444
5531,136.33456467028012
5532,383.3271671452282
5533,437.57183644510513
5534,541.7047082725317
5535,493.94614614592433
5536,485.76413947667584
5537,441.4505576989878
5538,398.93016499191714
5539,421.08775930869274
5540,368.37773968188213
5541,420.76541766191707
5542,303.70607217355496
5543,243.94996395892815
5544,77.58535356119862
5545,-78.58651654737427
5546,-134.89591599754633
5547,-146.98301054788905
5548,-103.64166222848681
5549,-48.99703187390747
5550,55.4843366501973
5551,222.39175148462414
5552,436.88154898394293
5553,531.5750542961979
5554,601.6546988575195
5555,570.7914565339737
5556,516.8099805186094
5557,398.9309460151719
5558,235.7553288089047
5559,149.59192575638934
5560,6.0305474969663955
5561,-2.3884538824529655
5562,-69.63315654704684
5563,-53.57095600081893
5564,-38.378461124221324
5565,-28.934246193157154
5566,-15.973721730026464
5567,17.79079035943695
5568,87.87099522260233
5569,333.57901084505437
5570,543.2791748661434
5571,602.158214712672
5572,669.6326877711875
5573,616.6510345464532
5574,636.745410133906
5575,566.3813124691166
5576,494.7169299245707
5577,335.1222273332834
5578,12.1763478156138
5579,-156.5558002371234
5580,-186.77898372156184
5581,-154.06792903578307
5582,-103.30922816377033
5583,-59.055698249200674
5584,32.84836737383461
5585,270.45301857069325
5586,336.5977407398121
5587,438.64975809628345
5588,434.31182023243906
5589,414.9214888979188
5590,401.50463404132006
5591,360.6258548635254
5592,375.8270366103182
5593,337.3241659409965
5594,369.85034046891815
5595,273.385877263174
5596,217.83444910073365
5597,72.16448774574242
5598,-38.57918370696922
5599,-129.83112348360183
5600,-128.24623104870776
5601,-85.14774886102929
5602,-79.39704163299625
5603,-16.544378963195715
5604,112.61359214287377
5605,301.16040240511273
5606,423.5456342603231
5607,540.419083841159
5608,508.1673271285713
5609,471.23583982298106
5610,372.53158829026484
5611,245.32383869623902
5612,157.93020123205815
5613,34.54995304457919
5614,-1.2661067893769498
5615,-56.782585266514964
5616,-56.71637690546316
5617,-87.86249103481035
5618,-63.45314890269154
5619,-42.39999069001271
5620,20.646703778343102
5621,65.3249681230203
5622,255.14156378653396
5623,466.7865203896644
5624,508.9363776747362
5625,583.5497485301645
5626,522.28986167652
5627,549.2819146849504
5628,490.69413294069665
5629,434.08958812787336
5630,281.83223723128384
5631,25.03797922103858
5632,-109.93805905002198
5633,-164.4994572827447
5634,-139.26981770515445
5635,-124.53735190471326
5636,-62.71213738708068
5637,-18.085638548746584
5638,170.10046623959127
5639,258.8510811188344
5640,345.53231984616565
5641,374.7750778104833
5642,355.35281740255095
5643,332.4070775235312
5644,308.8814423783143
5645,338.5391355876179
5646,296.7175280399579
5647,315.1566957900772
5648,265.11348630126
5649,188.72646720935134
5650,69.80446442497934
5651,-32.34109873840516
5652,-122.05334132266943
5653,-108.51752717953282
5654,-72.23904573195198
5655,-64.8132697297059
5656,10.225064429454617
5657,44.549464195135506
5658,215.19112840069243
5659,326.0274471029122
5660,417.885730195137
5661,457.5706281278019
5662,402.46120712431497
5663,342.9401924989427
5664,214.0121763031862
5665,152.70662635334
5666,47.89473613509373
5667,-9.592739148679131
5668,-49.05201668019545
5669,-70.25592480979654
5670,-80.93198108775344
5671,-73.12136759215883
5672,-63.37881014320558
5673,15.191917407264013
5674,64.42721092283644
5675,205.34263353802808
5676,408.52496821225577
5677,448.620256985236
5678,515.8009364990206
5679,463.124805108501
5680,476.38478448889936
5681,411.4185512374284
5682,349.30038318832163
5683,220.12984498083097
5684,19.983517202168823
5685,-108.54872912614483
5686,-145.01343563166895
5687,-118.78766556584544
5688,-108.80347297447601
5689,-51.469450102081325
5690,-47.26093194671865
5691,132.50604288992352
5692,189.95683614450633
5693,278.2429210823918
5694,332.76132253651133
5695,287.8787294088198
5696,310.4559145742308
5697,246.95648676673522
5698,307.7132293788147
5699,255.6420382670647
5700,263.00889402508324
5701,183.56224713423296
5702,143.66940791222478
5703,38.22649588774255
5704,-38.88594015537982
5705,-98.52319541855
5706,-121.14967333844858
5707,-77.92242307373127
5708,-59.769208703747694
5709,19.733152313102966
5710,48.32636979510383
5711,156.46697645452272
5712,253.44909393075878
5713,345.7358901024057
5714,379.74708941319426
5715,342.4109042676148
5716,276.14955758647216
5717,212.93386527900552
5718,142.7185444189411
5719,36.83551231657169
5720,21.95793780659264
5721,-71.34172867184543
5722,-74.96006107166257
5723,-87.61271077379637
5724,-80.48844918823174
5725,-56.8489170843714
5726,12.312614699292713
5727,60.7216776703525
5728,180.49506581040424
5729,341.62120182625097
5730,374.269860007581
5731,442.4585986630103
5732,406.48043118867884
5733,402.672850554539
5734,346.1932510579493
5735,298.8198478634749
5736,177.8059405679415
5737,11.148369932311832
5738,-89.11936329486994
5739,-122.76206129100142
5740,-107.22307117046127
5741,-108.30173614256697
5742,-47.390175417291836
5743,-46.60828785479754
5744,83.94482778906773
5745,148.57940978705642
5746,240.85748753571218
5747,283.79543153426215
5748,265.01947740043465
5749,263.07693417487224
5750,233.63208589447058
5751,259.3158438577613
5752,208.65832220700213
5753,220.70224734414853
5754,145.5180028952124
5755,103.4291402592857
5756,14.094694215924575
5757,-55.22404899116833
5758,-94.8360864028003
5759,-99.53900713881522
5760,-71.8496316741085
5761,-50.218854927090284
5762,21.95594296857706
5763,38.584141989600596
5764,145.3307583150512
5765,192.68057774274368
5766,262.0805256978319
5767,296.87285732398755
5768,270.683453270076
5769,243.0565189698349
5770,184.66286181863583
5771,129.01374338492306
5772,67.63479476113585
5773,1.747486226723525
5774,-45.514521270190016
5775,-73.1069542190525
5776,-79.90134291407506
5777,-74.87554101263672
5778,-47.591990332770344
5779,-3.181665197088987
5780,35.66403713825671
5781,173.48232505241495
5782,293.2548694074579
5783,330.4292967871005
5784,395.73171137205185
5785,368.6959399547297
5786,329.9103732471429
5787,290.16166271146176
5788,240.1279946251681
5789,129.53304122915875
5790,-29.53808813069985
5791,-91.70222222196334
5792,-96.82494115045661
5793,-103.0462564389039
5794,-76.98992734954182
5795,-49.71689366248701
5796,-30.185678709313724
5797,86.09427930994602
5798,136.82225612903108
5799,216.82440752797774
5800,243.58657779425403
5801,243.1461601573039
5802,208.61033324181037
5803,206.3829256125589
5804,209.43915766982727
5805,167.7189013169498
5806,195.73231638400645
5807,104.07891232327627
5808,53.30274284512927
5809,14.145560446211427
5810,-43.42578858020819
5811,-102.5610559797668
5812,-64.23711161243146
5813,-69.50836815694406
5814,-26.39091723306298
5815,23.779789842461934
5816,28.977788935189633
5817,143.02569446927595
5818,158.87630470713876
5819,223.32763872110172
5820,230.09576428129503
5821,207.66722607343513
5822,200.11522208944749
5823,153.7063182983307
5824,121.96793663745323
5825,73.40736720445192
5826,40.72479693049207
5827,-3.4997410521650067
5828,-44.386803334970544
5829,-66.00264877555838
5830,-41.311416993071056
5831,-48.56948861215712
5832,1.8838856390924876
5833,14.34888384755041
5834,138.5607529611573
5835,230.58883480956197
5836,269.20370316440477
5837,348.1949698523884
5838,312.537507052577
5839,273.287844012099
5840,212.20810197094707
5841,217.98121295004358
5842,90.3943556277152
5843,-11.23575086820915
5844,-52.29551619120072
5845,-92.2087186298351
5846,-72.89157266481381
5847,-59.88947177826356
5848,-39.83090568319085
5849,-26.339010657283062
5850,45.67317158702008
5851,84.76553577632374
5852,179.18960002173995
5853,206.20628294391963
5854,202.753325700019
5855,206.70776756297434
5856,183.46558852177756
5857,186.03497134178343
5858,168.04561706755302
5859,121.79884739592904
5860,77.80316362513248
5861,26.91842555945501
5862,-19.520391787972038
5863,-76.36621020142188
5864,-87.72730443913791
5865,-70.79023146653981
5866,-60.908235930959144
5867,-4.890729564345294
5868,17.001839384330598
5869,51.47194016884672
5870,119.91005247627736
5871,135.5725231156039
5872,175.8265803452536
5873,170.98147632911352
5874,179.65327154723536
5875,146.5019190155523
5876,111.71885759841525
5877,97.4769735950727
5878,67.19203579446678
5879,47.31391882913515
5880,7.191062313432618
5881,-11.910034541554968
5882,-35.02741093898326
5883,-26.49021374744905
5884,-17.49882784504936
5885,5.2310214482466675
5886,14.936648157231659
5887,116.83306959310919
5888,180.9073527985079
5889,208.03874127041414
5890,306.4764774628901
5891,267.58112626065065
5892,228.16075696002625
5893,209.38908236794626
5894,178.88496117831176
5895,30.280630377025673
5896,-8.474318741470038
5897,-46.15956727813135
5898,-68.52090566505252
5899,-63.443989694683864
5900,-38.89399223765522
5901,-28.817016349893354
5902,-19.281292467998345
5903,28.778027947414245
5904,57.53145274708808
5905,155.76544545011998
5906,176.73548979086988
5907,175.97834813683303
5908,195.70145854888546
5909,174.8082503144449
5910,166.6101587712457
5911,127.47677654294888
5912,95.27762754401677
5913,27.5467133590535
5914,-9.288509746987193
5915,-73.17098397937578
5916,-74.36813855953473
5917,-75.42220163892985
5918,-46.72876716040833
5919,-40.20562874707185
5920,-15.046849132398485
5921,46.15872867023917
5922,59.41439373878943
5923,107.65478012887539
5924,122.9398835894017
5925,141.99060887153786
5926,139.45808310899014
5927,137.11614162691257
5928,124.7597315905255
5929,80.45690634583441
5930,70.85408932616188
5931,31.75066019399442
5932,23.864979778228385
5933,-10.43624382515279
5934,-25.3692445172582
5935,-29.626556845813962
5936,-4.9645054743757155
5937,3.2600928436833256
5938,20.75570118559316
5939,64.86729022835367
5940,135.38572281695812
5941,173.9911204050469
5942,230.77966005344757
5943,243.9688924305215
5944,234.8951146473318
5945,193.7309308049423
5946,137.481049311707
5947,78.14952535156873
5948,4.243752043082044
5949,-28.886685201456174
5950,-57.10439669014435
5951,-49.382703237057775
5952,-45.83450007822346
5953,-18.866230077791286
5954,-17.904013664381512
5955,5.793369538776403
5956,11.078394519624702
5957,64.9225969062928
5958,126.17464166146317
5959,133.4009210204183
5960,172.45363632405466
5961,162.30078259757545
5962,172.1759219171458
5963,139.4627566975745
5964,102.36660297800101
5965,53.0408419674291
5966,1.5165322876334946
5967,-37.21676733916894
5968,-64.15239494339085
5969,-70.10496074310312
5970,-59.48587826111092
5971,-46.06369674642011
5972,-34.94216713101353
5973,-8.420408964956758
5974,33.86633944333787
5975,56.802509623747504
5976,94.05365989397937
5977,91.89517426522433
5978,119.11653543107263
5979,121.35386861251872
5980,97.30594237650533
5981,102.92451600930593
5982,85.36686359956252
5983,64.34028026757291
5984,42.395122113929716
5985,19.28191236999078
5986,4.645966201656233
5987,-39.820068308059895
5988,-34.17916137239214
5989,-10.281067308558729
5990,-21.401766160572958
5991,15.703464527535589
5992,37.91963149379125
5993,105.79743962122599
5994,139.24650029792693
5995,205.94929839844724
5996,215.7257327532934
5997,202.06649797381752
5998,174.80587332783534
5999,132.1228993037536
6000,55.88037568576966
6001,9.146956382768357
6002,-43.65462159164127
6003,-53.037456787693515
6004,-45.25699850620799
6005,-61.449963930116866
6006,-38.675625711305095
6007,-23.39886164818884
6008,-36.42720951438477
6009,13.717517828310184
6010,44.30451531975023
6011,94.24899018198376
6012,103.9903231777978
6013,136.87548841339995
6014,147.3123239501517
6015,133.71736050615925
6016,123.02784798415014
6017,114.08272120193918
6018,50.38667435864522
6019,14.8830374029982
6020,-22.116913375284327
6021,-53.97912841542076
6022,-52.233804728344744
6023,-55.1889229248228
6024,-44.86530389590976
6025,-44.048885406679254
6026,-14.41464420162068
6027,9.761887328407319
6028,49.5956773096364
6029,73.24305230454793
6030,98.60295690053553
6031,101.99776376215117
6032,102.80278737942784
6033,95.82026237071953
6034,85.80631366674136
6035,81.40362420088847
6036,56.288349722907554
6037,49.249020540522224
6038,35.51989096615719
6039,16.54361113782965
6040,21.4324419483303
6041,0.8393386993821425
6042,-37.38189826842591
6043,-17.87050697267327
6044,-6.311320294943313
6045,-15.801638556637693
6046,37.950757087504634
6047,93.80365467232421
6048,154.6784200829533
6049,196.73489303790998
6050,198.5123759486696
6051,175.7667047728652
6052,142.47275771967253
6053,96.50181693762069
6054,27.30234276156687
6055,-24.556787883380807
6056,-51.51888559614758
6057,-36.76869987630945
6058,-40.1579292900811
6059,-31.16955606707711
6060,-30.118325424102622
6061,-33.046180259811045
6062,-3.8762361328756807
6063,23.307063112348487
6064,47.66320983327637
6065,67.93542272578127
6066,100.46494258735297
6067,102.8216773628761
6068,99.27719439821156
6069,100.56298200944723
6070,74.19006252335136
6071,53.42317149649331
6072,36.33470012998142
6073,8.197228623958399
6074,-29.62940036360888
6075,-33.541649636006305
6076,-38.702647635444386
6077,-37.2719220877241
6078,-29.57199130857372
6079,-27.094612696058945
6080,3.342363537570207
6081,16.836698730724297
6082,51.64799257427583
6083,66.99163897690427
6084,81.61533782305212
6085,82.74012546700368
6086,67.7361142149807
6087,61.850740393130366
6088,47.08111250755427
6089,53.71756421018749
6090,42.18769646929226
6091,34.89323913189334
6092,22.13148005947991
6093,25.50260105412211
6094,15.608405269602146
6095,19.840943494161483
6096,-10.96098258941244
6097,12.474796265153705
6098,-13.01543864785143
6099,-3.7773877685431274
6100,19.61120901935206
6101,81.52529155675722
6102,89.31097722180573
6103,133.1726247427588
6104,136.89814203619218
6105,133.62935166800116
6106,127.06181899502
6107,92.61051918271575
6108,33.19105679907783
6109,-16.04840631056449
6110,-14.612549525242057
6111,-23.43307609775695
6112,-20.26443876210894
6113,-14.124621999219741
6114,-33.002681173093585
6115,-27.165451991258394
6116,-16.64252277369652
6117,22.43188516497538
6118,30.896488395271874
6119,59.98278551332364
6120,70.10105939271376
6121,76.67746224297035
6122,78.62758633634861
6123,72.07228050216871
6124,58.519364108848755
6125,44.72289853461115
6126,33.804550965686296
6127,-5.14551539133777
6128,-16.31404034007325
6129,-15.529583714734146
6130,-30.689759313487865
6131,-25.568865326637468
6132,-0.4650194360826098
6133,-13.03082332073946
6134,4.718535852910212
6135,28.269346743273967
6136,19.878912364287075
6137,52.573186527466
6138,71.30654484749047
6139,54.94615317997991
6140,66.27381962928577
6141,71.00141499835163
6142,49.43957572018187
6143,54.159849100653496
6144,39.47884696020791
6145,31.762056209711044
6146,16.926734170071537
6147,13.386887557370022
6148,16.676904746238332
6149,-5.633501298829428
6150,10.190254680731236
6151,7.960772890862645
6152,14.113863208417571
6153,17.703297137479446
6154,26.355826317844173
6155,44.041969458051085
6156,58.68868081886174
6157,69.66932739012044
6158,85.09280397620242
6159,100.69631434033673
6160,94.64542021959298
6161,46.35472012778206
6162,46.18481027287708
6163,24.276198244908652
6164,-11.043419038483819
6165,-21.675225251006477
6166,-23.377316595999403
6167,-19.874107867802635
6168,-20.378193352970992
6169,-21.959354957982296
6170,1.58662095540092
6171,11.42410363528505
6172,14.730626420180656
6173,36.31333685776399
6174,37.42722978620285
6175,45.43133600512334
6176,48.21566619883547
6177,26.206802085605776
6178,38.790899093312355
6179,21.832674390749553
6180,18.969891032528416
6181,11.45202554959992
6182,5.711775178607328
6183,2.6717067782746025
6184,-3.1416337600091637
6185,7.839061224874402
6186,3.878613482142127
6187,8.715621642330094
6188,-3.379726303463416
6189,16.821519377073997
6190,26.508108460567552
6191,24.681191400863327
6192,38.02912355148258
6193,39.30078612891379
6194,55.515249777294294
6195,47.2405156212963
6196,57.30716286392453
6197,38.35934927499372
6198,35.51027618878525
6199,34.08517897193625
6200,7.168161492711707
6201,8.101527604127627
6202,-1.1495105357195385
6203,14.941493803235337
6204,6.556519356441253
6205,16.021990940626413
6206,39.88095644044194
6207,27.23037785479974
6208,50.19603055111751
6209,63.664218484434706
6210,50.51220997811425
6211,77.00625090023489
6212,72.38804449838328
6213,62.723396900120754
6214,49.1387713536576
6215,39.210219185040444
6216,22.4694801543548
6217,21.73421131684872
6218,-2.7277897349985136
6219,-5.672603356496687
6220,-15.669218025651185
6221,-3.368394311722067
6222,-5.951690905857088
6223,15.908691428141992
6224,19.60787565561903
6225,30.48663925919257
6226,22.438675563210307
6227,33.863895668374006
6228,36.828869408694814
6229,26.69844119156238
6230,26.671403342058426
6231,10.737494128447373
6232,24.125634227834286
6233,-3.124141446431544
6234,-5.683964665207827
6235,0.7639584181869322
6236,-21.950199249867115
6237,3.4263821852596026
6238,11.530718806085634
6239,10.182761641409735
6240,13.540657099220303
6241,16.97555284470862
6242,22.081696713528473
6243,35.6349031460743
6244,29.873308341352594
6245,26.33235190096409
6246,31.22937686837875
6247,37.56935271915099
6248,23.13422412252094
6249,21.56485623717136
6250,26.34645274585396
6251,19.381308268469915
6252,19.22232208151668
6253,19.88080323635671
6254,-0.25468532904264835
6255,12.770950187948385
6256,1.429640131896657
6257,15.720389895994566
6258,3.418038802742864
6259,4.370068109282517
6260,24.595800956419247
6261,24.278083836669246
6262,34.89732162096006
6263,33.93513869457863
6264,64.38099106413037
6265,46.56786807703645
6266,50.90878088710482
6267,45.47368755179539
6268,34.74591048763467
6269,18.885043858464705
6270,2.07358529289792
6271,19.158236340246493
6272,4.565902376054348
6273,-1.8804444533751932
6274,-9.798499659216795
6275,14.192105224462516
6276,29.4633346839434
6277,22.455896763668843
6278,14.49427802382737
6279,34.413455527975756
6280,39.540345953916145
6281,21.38569458373405
6282,43.353368939917395
6283,29.414243483277943
6284,21.747585855787715
6285,22.525068616664996
6286,16.408047636320592
6287,0.28668594594790847
6288,5.192839525862234
6289,-6.357042364260489
6290,-0.2007135248552473
6291,6.0673638375522385
6292,10.923000799457322
6293,6.460021159608522
6294,29.291705349647646
6295,13.429451445021229
6296,25.35321806610349
6297,37.61135695297908
6298,34.571019875173995
6299,22.26173912454143
6300,39.88042747754464
6301,20.31813169928191
6302,10.684315770021273
6303,38.505688047609944
6304,11.967066475420202
6305,-2.6373926612891694
6306,12.431939731384633
6307,11.11090145930062
6308,9.664702962322076
6309,24.488790468285373
6310,13.928208541621037
6311,14.58891915581526
6312,22.660918474354315
6313,15.925064665717157
6314,19.58142860745495
6315,30.894905655611776
6316,31.80870761866109
6317,38.82402295645961
6318,52.56237326376603
6319,35.015058163806195
6320,38.97624576572421
6321,42.15036950299855
6322,17.2674567428943
6323,12.42629979030355
6324,6.737704262597876
6325,-2.885874101461541
6326,-3.204147443647058
6327,-4.770628418245885
6328,18.53089973290792
6329,20.084068575835417
6330,32.730815631420384
6331,35.87794172348231
6332,39.88994619806929
6333,31.475280923797854
6334,30.598153057686602
6335,25.16223060465703
6336,23.699859843964248
6337,19.407818753416496
6338,27.63756307172046
6339,7.367200507854289
6340,28.424891543000996
6341,2.2406482653222173
6342,10.499357912706001
6343,-2.9623731993864526
6344,14.409206341090481
6345,8.988601881005645
6346,9.909221740652944
6347,15.681830808609547
6348,29.214350036394332
6349,26.063251962963577
6350,41.84840249053338
6351,59.71946307928966
6352,31.748469071446582
6353,25.58278216060021
6354,42.912103584830064
6355,6.767536489593709
6356,11.267561400998972
6357,13.06168048455096
6358,2.1776419035750956
6359,2.5215556869376723
6360,15.252309297093811
6361,4.991840061373296
6362,13.657233017159486
6363,27.217122810780033
6364,19.80798276286937
6365,27.495707735961997
6366,23.396449307706447
6367,21.98063993134465
6368,20.332131933740826
6369,24.664021646741695
6370,24.41289224294321
6371,33.71332449165962
6372,22.128933208416797
6373,22.122046528368852
6374,18.674356102990433
6375,12.198440188084843
6376,8.870869816536286
6377,14.771198848754757
6378,-2.4705838498699664
6379,6.2467695482523595
6380,-1.5912368167467459
6381,6.900916082030361
6382,16.33200980403836
6383,32.946299886004105
6384,35.455608784184086
6385,34.29830399648572
6386,47.63958865855412
6387,27.307216897989427
6388,30.28185687839904
6389,30.824102410857662
6390,7.625022974547394
6391,6.401677568105116
6392,3.5795404148512637
6393,-4.598757935146672
6394,1.48343667982019
6395,5.8059215344596735
6396,-6.823044171459288
6397,17.415936626913858
6398,17.534645714386414
6399,-4.384107625349983
6400,18.283420854674088
6401,15.9227745391681
6402,18.68140807588308
6403,30.882902034043585
6404,18.514191633838788
6405,32.981876806892835
6406,14.431452089436354
6407,18.139593222589127
6408,28.173291511659723
6409,2.4585978034064246
6410,7.346003657244737
6411,-3.0592853467502095
6412,-4.381103639297815
6413,5.951606126436896
6414,0.04398505738003666
6415,18.181678138151344
6416,11.32390412273967
6417,15.395467564430108
6418,19.00591671315916
6419,28.082962207972837
6420,15.728488862911961
6421,38.03238449111229
6422,26.985591771533716
6423,36.375692091522936
6424,43.665214771034165
6425,29.373631499079195
6426,32.3206661322338
6427,20.664476881938228
6428,19.73847724931474
6429,23.60249353863167
6430,-2.4752206789447815
6431,3.6415695597358035
6432,20.17836138409749
6433,8.230919520037391
6434,20.082015547406005
6435,23.049830644148464
6436,33.258959877518976
6437,33.98666699316049
6438,34.17559659281164
6439,35.43000711302003
6440,35.65099286591023
6441,35.18964246953087
6442,22.470374889490902
6443,27.194219996113162
6444,15.625797168108631
6445,18.710699565885037
6446,1.7645226959072264
6447,-2.3069799299238967
6448,3.855060604873111
6449,7.588233132532754
6450,6.932841663971218
6451,18.58372616948639
6452,20.862910673133236
6453,16.451829423599335
6454,34.482256046736644
6455,32.60751682097115
6456,16.215718874640768
6457,33.54105801700003
6458,28.43339339664801
6459,26.144379936372292
6460,32.36894830094194
6461,11.407224974166532
6462,15.242687095034555
6463,11.860391773321888
6464,-1.9025324584478094
6465,8.023507821948611
6466,11.801439961968388
6467,8.153154994287627
6468,9.699259015186275
6469,19.89203967536427
6470,28.3339306248686
6471,13.652744008172435
6472,24.801645767393612
6473,20.471529411766255
6474,22.650678502086464
6475,20.797756106097868
6476,23.07523340309103
6477,24.242218271767914
6478,18.886079559803793
6479,15.45303196447537
6480,23.059291407004327
6481,6.194889610016874
6482,8.22434090960539
6483,-0.3116591670977728
6484,5.846386725061686
6485,4.704929393484652
6486,8.93542365865065
6487,14.507949148451877
6488,18.635920330619552
6489,15.38668976334371
6490,26.015796058290505
6491,25.825060156298203
6492,24.79997385439383
6493,28.41913873404782
6494,25.698588602261726
6495,22.07075191366951
6496,20.201665324801663
6497,10.029436876575609
6498,17.614082601115243
6499,-1.9747382004023226
6500,1.1584459646173262
6501,12.155928104142168
6502,7.117996509001162
6503,5.869978377741837
6504,7.887716703646838
6505,15.032791574088755
6506,11.439037870496177
6507,22.692282225811848
6508,28.26701817771647
6509,30.219934687524688
6510,27.418232722071647
6511,29.68817838435454
6512,31.881164355100378
6513,6.017416786082762
6514,22.98222788112618
6515,1.6448607611567
6516,10.257734298952586
6517,11.352123772208648
6518,-4.421298170874993
6519,21.755963919797836
6520,7.983009291575798
6521,3.608423835658998
6522,27.958475478165813
6523,16.25083159231256
6524,14.948001848320276
6525,28.76879145767059
6526,30.608362727181078
6527,18.176493103326173
6528,29.176137591357023
6529,24.378051947758888
6530,23.76168801455158
6531,24.223146747140262
6532,14.765846161020152
6533,17.63349779223343
6534,11.36340633458446
6535,11.686092335925144
6536,-0.13990607907491967
6537,4.772197186644505
6538,8.526817514559644
6539,12.410790215973233
6540,4.842702672461317
6541,25.177365184004078
6542,20.766458441233517
6543,18.957492057728953
6544,32.886290057537984
6545,33.969292559278635
6546,25.28905134065214
6547,26.662046304498666
6548,13.541763843799762
6549,14.463390063290573
6550,6.934561508938314
6551,5.877291233340138
6552,3.762075505872773
6553,2.354967688492767
6554,11.938116106484022
6555,6.1506580860234195
6556,-0.4842449882404158
6557,13.87034338771175
6558,5.6801842783398815
6559,15.748492183417097
6560,9.175908123513297
6561,21.301764569079847
6562,18.6125775138165
6563,21.79052836499609
6564,24.79449695657988
6565,16.0993822383405
6566,20.813995306492487
6567,15.021228229190067
6568,13.11530063930091
6569,5.758773390079325
6570,4.912939065887262
6571,3.8507656684008214
6572,3.927863535224194
6573,15.88332594924991
6574,3.44575842380881
6575,14.85677677384185
6576,19.70501634922057
6577,10.492058329379564
6578,29.22613902382288
6579,19.29855343145947
6580,27.006823037218478
6581,30.484346206482844
6582,23.660586865983774
6583,20.377709129190894
6584,27.911926644897008
6585,8.265351733593333
6586,11.250661981294883
6587,14.801536477389732
6588,-3.7068854896955137
6589,5.247417569831992
6590,0.5970225478217375
6591,-1.9262213680494933
6592,8.60044804850312
6593,13.463260680551288
6594,7.643406942145941
6595,9.051626948271197
6596,25.086301923028255
6597,20.410931962673633
6598,11.842137623044389
6599,34.03643732621817
6600,12.41667143471716
6601,9.449631642562839
6602,25.283546225273966
6603,-0.8210082350017693
6604,8.798673801682005
6605,8.354490454004194
6606,-1.75479665380318
6607,8.717947243817303
6608,7.105300855537048
6609,9.931871747968957
6610,-0.18981229660336144
6611,22.415787128257914
6612,7.502189921842767
6613,12.04635356966059
6614,17.422079516629267
6615,17.42730646060279
6616,15.629342191153553
6617,14.783556989571503
6618,23.07873588910009
6619,16.654522388823853
6620,6.030152887150876
6621,11.862769733930547
6622,6.836926317446767
6623,7.024052031765502
6624,-1.8621329642024955
6625,9.271206656730614
6626,12.433753817418113
6627,1.7522600713528702
6628,9.339032562686027
6629,20.18930895835331
6630,14.139139536322908
6631,21.212254499757844
6632,26.922474142158823
6633,19.67115330133419
6634,24.419145727826606
6635,21.468000903077783
6636,13.784453971401653
6637,16.270776324007567
6638,18.080317880157505
6639,13.185162120828117
6640,7.284650053426616
6641,9.824398424691363
6642,1.8773481475035296
6643,7.151290127958827
6644,1.9860380709529517
6645,3.7711636209699715
6646,2.358102778555808
6647,9.104281969059103
6648,4.557906692646043
6649,14.531818832988206
6650,18.47143411424545
6651,18.25584202569644
6652,29.886963820457858
6653,14.199998882371675
6654,17.280523015898716
6655,18.447606624532337
6656,12.924668492023175
6657,19.991073246877384
6658,-0.5077034276499803
6659,4.886236705843261
6660,6.502071141962263
6661,5.7592954547580515
6662,5.593091287785048
6663,13.609078706224661
6664,1.061701468080962
6665,22.862330410554346
6666,4.940582116448431
6667,25.20128590049781
6668,14.066118817680936
6669,14.464185063578633
6670,31.94625147820445
6671,0.4831119581830339
6672,20.187573874308626
6673,6.971857779676037
6674,7.315369466001669
6675,13.377560953949805
6676,1.2552079043336566
6677,2.4437909484178717
6678,13.318183853116818
6679,5.973399160234081
6680,2.61540918824109
6681,10.169584468918298
6682,7.897088165321815
6683,19.946882704341885
6684,21.348723446394125
6685,21.668586328427125
6686,24.371361209754273
6687,6.281978939912908
6688,25.31744907880521
6689,13.87441627894098
6690,19.766428225127775
6691,11.074943239161826
6692,13.41784794400633
6693,1.4658954311076335
6694,3.6572025299686657
6695,9.893194258198587
6696,3.7703428224410485
6697,1.9394134402003855
6698,7.4788965697118694
6699,5.558794718532565
6700,1.5044047633510584
6701,10.40183237923439
6702,3.453573932440547
6703,20.458545365405072
6704,20.605267681076903
6705,10.011554282271854
6706,16.202024175492376
6707,11.465297941677987
6708,5.931315951470865
6709,14.38825158541464
6710,5.947721302683139
6711,-2.7099032470782527
6712,5.130413341876704
6713,5.520061666962747
6714,-1.2731742282974967
6715,3.0994217213331203
6716,2.6327405802539787
6717,3.674260451359813
6718,9.415079960562545
6719,0.7199000606603135
6720,8.218538040013627
6721,14.166638054027631
6722,4.83293699033127
6723,22.890396644252544
6724,9.97074566332476
6725,14.885772219382858
6726,11.062134283174741
6727,10.098748077755356
6728,9.52559111224194
6729,5.241311539559145
6730,2.399318834127716
6731,4.7828172171593115
6732,-0.06581443019182595
6733,4.410634091227742
6734,-1.2194633350408415
6735,8.427035720347943
6736,11.89822634414859
6737,16.53229681825538
6738,3.9968590380136955
6739,22.80103962254132
6740,22.59122124111328
6741,13.37571020614484
6742,16.019132301292803
6743,25.45436687982257
6744,15.126503693121906
6745,4.106676747455719
6746,22.89228935603043
6747,7.72074961819491
6748,4.961633388771502
6749,11.385421908010176
6750,2.694954633612087
6751,1.0709895736540267
6752,3.374408608960485
6753,2.600529180332641
6754,6.21331224910265
6755,18.880462892834196
6756,14.536914833530469
6757,8.722576812695301
6758,18.126105584841415
6759,25.33344869167842
6760,4.469527346806016
6761,22.41439373611961
6762,3.4985711523034837
6763,11.189801016313154
6764,7.333447839886701
6765,11.874143136367051
6766,4.561050145226533
6767,8.051937575382516
6768,9.882907430585423
6769,3.2449931799136618
6770,9.680883577877928
6771,5.729972073005958
6772,3.2638939845108625
6773,14.915100855853835
6774,18.25367208353739
6775,13.296572496429482
6776,7.607561053810153
6777,14.83061719140159
6778,4.727199926810193
6779,8.817018447008932
6780,25.32370316847686
6781,7.52321658914142
6782,14.440684863695171
6783,2.7168495612442167
6784,12.122975283459745
6785,0.3118511495162796
6786,0.13557730840953597
6787,2.050049482384195
6788,10.510633666319876
6789,11.780332980995153
6790,5.154598973156032
6791,13.463851971480352
6792,18.267303344390434
6793,10.763054042368418
6794,11.355809216495205
6795,8.566919433378015
6796,11.825172409549408
6797,13.271503902799434
6798,10.342848794874303
6799,9.6572642205836
6800,6.103249989441559
6801,4.831903089401085
6802,15.19573595411462
6803,2.6514461077941163
6804,4.2770026250532585
6805,6.690730972811581
6806,4.194947827507919
6807,-2.8210092500011474
6808,6.829014645285655
6809,15.111911758527816
6810,7.49658368610269
6811,12.699275150848802
6812,10.593274134541517
6813,20.460004636664795
6814,10.741626240248333
6815,13.586863571512492
6816,16.03260611830025
6817,1.2254803829136254
6818,17.951226035260447
6819,-3.739969217249744
6820,7.429451948860358
6821,11.418066125095448
6822,-1.4848714869961965
6823,-1.4916586726644712
6824,14.670441938736076
6825,10.99255201693646
6826,-3.554340688735576
6827,4.12062188797299
6828,5.976433701381132
6829,25.67778731747821
6830,16.652442036201407
6831,19.617757000369945
6832,1.5505876214551781
6833,5.371490444198645
6834,7.6569320544945265
6835,8.341464534532593
6836,17.02345473440108
6837,15.687188336778043
6838,6.8448134065522845
6839,17.230139429431482
6840,-1.9730528488336796
6841,-4.641239690495964
6842,8.371796101766611
6843,6.60230814531459
6844,9.650726567113104
6845,5.599341045831084
6846,1.7522075554299905
6847,19.607768754956858
6848,13.165378853528882
6849,0.716339833308963
6850,14.038896607082272
6851,10.549885059107652
6852,0.87910615039048
6853,14.874646348435231
6854,3.514288651476771
6855,14.783391034142582
6856,8.963722321046664
6857,11.691686066391942
6858,8.65211492576222
6859,11.175191706387402
6860,8.90545855246411
6861,5.213824439284615
6862,3.8758934744416713
6863,8.017620059045901
6864,7.709519833246928
6865,7.672732950647848
6866,12.943606664387785
6867,9.506093959658225
6868,7.147427920517968
6869,13.030748027844332
6870,2.214728108478016
6871,5.49555105333569
6872,5.622965302427849
6873,-1.5855656967237755
6874,2.725378535650828
6875,10.874918237777683
6876,-4.065742157410122
6877,4.289666640667527
6878,5.96408222375823
6879,-0.6484364281873822
6880,4.54588313236248
6881,-2.127228160275755
6882,3.858723419676795
6883,10.168409530952497
6884,6.076975118644903
6885,6.229759083629095
6886,10.939800702852946
6887,5.904244605771432
6888,11.161475615340779
6889,9.4068236848149
6890,10.986786948571828
6891,10.197266116163348
6892,3.2783038761571515
6893,6.457466324161141
6894,9.30654509667459
6895,-4.334489721441339
6896,6.908353342969083
6897,7.062958700834586
6898,10.394618911247331
6899,9.390366468533
6900,9.173786183677372
6901,11.796577974719485
6902,1.2153064756403413
6903,7.5556314907639885
6904,15.30873258608249
6905,8.80975317141743
6906,-1.5096136721294837
6907,2.887039791314083
6908,15.696970047383093
6909,5.5623773393293705
6910,1.5642738233973283
6911,0.3651721582133058
6912,17.181524640885
6913,5.990379280860112
6914,6.953118657695355
6915,16.450372445030247
6916,17.12650061059487
6917,11.121890601053474
6918,13.784246208518304
6919,25.86919248953023
6920,3.130746266083385
6921,12.480661988553393
6922,7.12828695735229
6923,2.3795236176081986
6924,4.713541634861965
6925,8.356667376513174
6926,6.009790241795281
6927,5.686808411604079
6928,15.831444261036514
6929,5.665396356550166
6930,9.027765927935972
6931,8.895993586453475
6932,5.560523854766932
6933,13.676620503386083
6934,8.001713844690855
6935,7.808072346454914
6936,6.996640661991086
6937,13.059578947395144
6938,1.1754128054271367
6939,12.158470447005506
6940,6.868698770101961
6941,10.14391021826498
6942,2.3544580584964505
6943,10.166777607325498
6944,6.000813941582839
6945,2.488747684820521
6946,8.171830485509668
6947,2.353374340207302
6948,1.739893229446804
6949,12.658459311154846
6950,5.847457755304956
6951,5.668694912231962
6952,5.7292822173856885
6953,6.070386954070784
6954,2.6094060810629616
6955,5.632204123159496
6956,1.0042031252099366
6957,5.774890458819052
6958,2.5713072086863624
6959,2.0298709856255117
6960,3.8690175969411373
6961,4.618206923035882
6962,6.629618319754362
6963,4.6448337671964595
6964,10.756243681462754
6965,3.9863316707728473
6966,7.509772890122422
6967,7.537626228792817
6968,8.848238956302
6969,2.5198083105279374
6970,13.137727218545958
6971,11.698554049889907
6972,13.499098536989239
6973,11.701858400837093
6974,12.303880423135858
6975,13.486437206886956
6976,7.610069339877441
6977,12.038507262167427
6978,8.420687070709686
6979,2.1977714527439693
6980,12.123743226318435
6981,6.014113234995327
6982,12.96789923431435
6983,4.572149847975058
6984,9.34658814628785
6985,11.581407711091135
6986,11.773639716234058
6987,11.482935002820776
6988,9.504561045185039
6989,11.093659326542332
6990,12.534668443335606
6991,4.494881191698514
6992,7.705878277259442
6993,1.6336031872798726
6994,11.91169099516357
6995,3.4860383493028895
6996,11.508133098367189
6997,-0.18272369719039683
6998,14.152158259967832
6999,6.2498496381438455
7000,5.804053311798392
7001,12.703143683132819
7002,-0.7450446337557561
7003,11.693014418354025
7004,9.52811796105977
7005,2.5732093323718885
7006,7.249265026504649
7007,6.248725451945226
7008,12.603193182795316
7009,-1.109401713391022
7010,12.502512280064606
7011,3.736314977921298
7012,5.066343474122327
7013,11.849265421234488
7014,9.165480782909365
7015,3.0514621976039282
7016,14.25115020635576
7017,9.888010199450317
7018,9.91324082767804
7019,3.1861140345409353
7020,10.665861771246131
7021,8.507533389567248
7022,4.565533486895649
7023,8.390200812995605
7024,8.984547822945748
7025,10.257364237612673
7026,7.25224264865997
7027,7.641150913993299
7028,9.297420646491693
7029,7.608093929210146
7030,5.955304456264588
7031,8.488560522493458
7032,10.362018364465628
7033,4.038984870103026
7034,7.096886417356234
7035,7.262130742223631
7036,3.719643192388799
7037,4.410415881220926
7038,5.3276512079579135
7039,3.5195013406585476
7040,6.691703768276409
7041,1.9749956535704694
7042,12.30782009394483
7043,7.857170229227671
7044,1.0260952325878954
7045,7.215126142647561
7046,-0.19713251625290015
7047,11.996788971874182
7048,-1.0547372535964892
7049,1.8081906115493567
7050,1.1877391766334018
7051,4.267605513330923
7052,15.820159097985302
7053,-5.605521270162127
7054,6.835108841532339
7055,14.973287332057536
7056,1.1258661696756698
7057,10.193171776643629
7058,8.312871083784735
7059,-1.3498918376863915
7060,7.465243244580812
7061,4.392715655488622
7062,5.545488647887066
7063,12.844220466488379
7064,-0.057391988430100474
7065,10.483265428879571
7066,9.158781852851698
7067,-1.304911280752228
7068,7.293331263060553
7069,8.761433716170284
7070,5.7672132032535135
7071,-0.7947115460162866
7072,10.933429422584839
7073,10.953629739338348
7074,-0.9500748875916468
7075,15.356188882351152
7076,1.1233240242829945
7077,5.558136003598349
7078,12.386773571389448
7079,1.743835379609175
7080,3.7639336794134697
7081,15.746501076097914
7082,-2.5628832436487174
7083,1.9691167916077028
7084,9.09074154151266
7085,5.494990838243376
7086,5.657897390409151
7087,11.261662841247905
7088,2.161604859135941
7089,8.439297767843035
7090,11.929094872207083
7091,-0.48293833841818384
7092,3.9792696658277067
7093,9.914235564047038
7094,7.574428478057677
7095,-1.4418793647957064
7096,3.338320224149356
7097,4.840371112753981
7098,10.53271593165926
7099,3.8170808691634512
7100,1.344267639414289
7101,9.66766315415432
7102,7.637780277490285
7103,7.243051573162093
7104,0.43669002440469923
7105,8.745696415958813
7106,10.189002195519826
7107,-0.697110721218285
7108,5.7445001701132234
7109,1.3241885990533717
7110,3.2102572635521565
7111,6.816666894264487
7112,-1.1960122843867405
7113,7.4142748870507225
7114,3.658016903078805
7115,2.164014505765451
7116,3.873884257575301
7117,3.6833152310908783
7118,7.2760259603162405
7119,2.901295715181933
7120,6.110469936557112
7121,11.035643522791418
7122,3.436071718134906
7123,10.490854494957013
7124,3.462896799895351
7125,7.142370883988447
7126,5.6471211913823955
7127,1.698141548654634
7128,6.394119874748243
7129,5.13214466633442
7130,2.7834703111628594
7131,7.055244818762991
7132,2.935647154001532
7133,8.183720748655789
7134,3.6227183114624473
7135,7.662195234393891
7136,11.273462921077476
7137,13.367931691815762
7138,10.64019949749973
7139,9.30847869269197
7140,6.375422190871112
7141,12.249795024795032
7142,12.567644466123511
7143,4.446480161595773
7144,5.429362694566907
7145,13.75563633098985
7146,3.927727576337057
7147,5.083422171936271
7148,20.11852612100168
7149,-5.362264260740608
7150,13.944321886858539
7151,6.432121722503357
7152,-2.346328308982668
7153,6.435684911114233
7154,10.639252378926834
7155,4.968323032953802
7156,10.051224258968455
7157,11.077967053638726
7158,-0.8856181290927192
7159,14.281215330953023
7160,4.760095224314353
7161,9.149965105889434
7162,-0.33854671351838594
7163,1.603965980037801
7164,7.637230903816989
7165,-2.705504830355758
7166,4.723505905674451
7167,-1.188219338825929
7168,1.5414220935368348
7169,6.833577438900923
7170,1.1646153464222275
7171,10.146923467981653
7172,1.667253799655601
7173,9.220484652458703
7174,7.5628385811738115
7175,10.252047927086226
7176,4.466568247191456
7177,9.675409435344243
7178,8.898934366101296
7179,12.02120404198635
7180,0.2470774077945866
7181,5.423554952855987
7182,3.8682493067207537
7183,0.4192649914328502
7184,4.465398174186245
7185,0.5531016160498282
7186,1.6612733304293419
7187,1.4885952703407153
7188,3.664660846033903
7189,0.8165117165236689
7190,5.346324234341908
7191,5.529202907147022
7192,3.4768497157299234
7193,10.753089906836806
7194,3.0861350141255164
7195,2.8464381828186234
7196,1.3164328376424175
7197,3.7356438850153664
7198,5.809901630655366
7199,-6.18276040464409
7200,4.385101915810148
7201,-2.7072277929391237
7202,0.37005406204636326
7203,1.3441503928900633
7204,2.187895423946725
7205,2.3383973756473746
7206,6.2204350966306885
7207,2.1335637748895437
7208,7.959873383633641
7209,2.8132994726307157
7210,8.633767859722708
7211,11.85996348561664
7212,11.811273561244862
7213,3.1760607249170913
7214,12.673901828463187
7215,11.853507496840406
7216,-1.074121411526113
7217,6.4791034670416865
7218,3.1611981658401023
7219,1.7867670541545897
7220,5.948682506022419
7221,-1.2478623263837174
7222,8.453464218313867
7223,2.5612165706953958
7224,-1.2564263463508036
7225,5.832654671999613
7226,5.852546727551469
7227,1.011836030678203
7228,5.610244027645259
7229,14.065902500918378
7230,-1.3805461911876742
7231,2.1807769601075586
7232,13.25965711231912
7233,5.459773747402395
7234,-0.7161088132959551
7235,1.9673671093381484
7236,5.071802830059984
7237,-4.086999512646294
7238,-3.250596903409747
7239,4.513719262609585
7240,-2.9435059618794797
7241,2.5513556399992954
7242,3.513434549839171
7243,6.000840769112739
7244,4.9452383479630075
7245,4.518480567826538
7246,17.992087244669623
7247,6.800298405020725
7248,14.436332766028046
7249,7.3330938345270456
7250,13.103801303072654
7251,8.330845983174829
7252,5.75706635309147
7253,7.124732932847959
7254,5.16692091814336
7255,6.675452977874949
7256,1.3059897513902814
7257,8.416475336499216
7258,1.8890038067757886
7259,5.694456497878608
7260,2.9883171822974153
7261,7.951273594234338
7262,7.419473709875677
7263,10.942177845206341
7264,10.662589086202182
7265,5.952094155269525
7266,5.329061025876788
7267,7.793185191589368
7268,10.352913817084634
7269,9.256749320891823
7270,10.398815152677404
7271,2.1673966885367983
7272,6.02389784027735
7273,0.0
7274,0.0
7275,0.0
7276,0.0
7277,0.0
7278,0.0
7279,0.0
7280,0.0
7281,0.0
7282,0.0
7283,0.0
7284,0.0
7285,0.0
7286,0.0
7287,0.0
7288,0.0
7289,0.0
7290,0.0
7291,0.0
7292,0.0
7293,0.0
7294,0.0
7295,0.0
7296,0.0
7297,0.0
7298,0.0
7299,0.0
7300,0.0
7301,0.0
7302,0.0
7303,0.0
7304,0.0
7305,0.0
7306,0.0
7307,0.0
7308,0.0
7309,0.0
7310,0.0
7311,0.0
7312,0.0
7313,0.0
7314,0.0
7315,0.0
7316,0.0
7317,0.0
7318,0.0
7319,0.0
7320,0.0
7321,0.0
7322,0.0
7323,0.0
7324,0.0
7325,0.0
7326,0.0
7327,0.0
7328,0.0
7329,0.0
7330,0.0
7331,0.0
7332,0.0
7333,0.0
7334,0.0
7335,0.0
7336,0.0
7337,0.0
7338,0.0
7339,0.0
7340,0.0
7341,0.0
7342,0.0
7343,0.0
7344,0.0
7345,0.0
7346,0.0
7347,0.0
7348,0.0
7349,0.0
7350,0.0
7351,0.0
7352,0.0
7353,0.0
7354,0.0
7355,0.0
7356,0.0
7357,0.0
7358,0.0
7359,0.0
7360,0.0
7361,0.0
7362,0.0
7363,0.0
7364,0.0
7365,0.0
7366,0.0
7367,0.0
7368,0.0
7369,0.0
7370,0.0
7371,0.0
7372,0.0
7373,0.0
7374,0.0
7375,0.0
7376,0.0
7377,0.0
7378,0.0
7379,0.0
7380,0.0
7381,0.0
7382,0.0
7383,0.0
7384,0.0
7385,0.0
7386,0.0
7387,0.0
7388,0.0
7389,0.0
7390,0.0
7391,0.0
7392,0.0
7393,0.0
7394,0.0
7395,0.0
7396,0.0
7397,0.0
7398,0.0
7399,0.0
7400,0.0
7401,0.0
7402,0.0
7403,0.0
7404,0.0
7405,0.0
7406,0.0
7407,0.0
7408,0.0
7409,0.0
7410,0.0
7411,0.0
7412,0.0
7413,0.0
7414,0.0
7415,0.0
7416,0.0
7417,0.0
7418,0.0
7419,0.0
7420,0.0
7421,0.0
7422,0.0
7423,0.0
7424,0.0
7425,0.0
7426,0.0
7427,0.0
7428,0.0
7429,0.0
7430,0.0
7431,0.0
7432,0.0
7433,0.0
7434,0.0
7435,0.0
7436,0.0
7437,0.0
7438,0.0
7439,0.0
7440,0.0
7441,0.0
7442,0.0
7443,0.0
7444,0.0
7445,0.0
7446,0.0
7447,0.0
7448,0.0
7449,0.0
7450,0.0
7451,0.0
7452,0.0
7453,0.0
7454,0.0
7455,0.0
7456,0.0
7457,0.0
7458,0.0
7459,0.0
7460,0.0
7461,0.0
7462,0.0
7463,0.0
7464,0.0
7465,0.0
7466,0.0
7467,0.0
7468,0.0
7469,0.0
7470,0.0
7471,0.0
7472,0.0
7473,0.0
7474,0.0
7475,0.0
7476,0.0
7477,0.0
7478,0.0
7479,0.0
7480,0.0
7481,0.0
7482,0.0
7483,0.0
7484,0.0
7485,0.0
7486,0.0
7487,0.0
7488,0.0
7489,0.0
7490,0.0
7491,0.0
7492,0.0
7493,0.0
7494,0.0
7495,0.0
7496,0.0
7497,0.0
7498,0.0
7499,0.0
7500,0.0
7501,0.0
7502,0.0
7503,0.0
7504,0.0
7505,0.0
7506,0.0
7507,0.0
7508,0.0
7509,0.0
7510,0.0
7511,0.0
7512,0.0
7513,0.0
7514,0.0
7515,0.0
7516,0.0
7517,0.0
7518,0.0
7519,0.0
7520,0.0
7521,0.0
7522,0.0
7523,0.0
7524,0.0
7525,0.0
7526,0.0
7527,0.0
7528,0.0
7529,0.0
7530,0.0
7531,0.0
7532,0.0
7533,0.0
7534,0.0
7535,0.0
7536,0.0
7537,0.0
7538,0.0
7539,0.0
7540,0.0
7541,0.0
7542,0.0
7543,0.0
7544,0.0
7545,0.0
7546,0.0
7547,0.0
7548,0.0
7549,0.0
7550,0.0
7551,0.0
7552,0.0
7553,0.0
7554,0.0
7555,0.0
7556,0.0
7557,0.0
7558,0.0
7559,0.0
7560,0.0
7561,0.0
7562,0.0
7563,0.0
7564,0.0
7565,0.0
7566,0.0
7567,0.0
7568,0.0
7569,0.0
7570,0.0
7571,0.0
7572,0.0
7573,0.0
7574,0.0
7575,0.0
7576,0.0
7577,0.0
7578,0.0
7579,0.0
7580,0.0
7581,0.0
7582,0.0
7583,0.0
7584,0.0
7585,0.0
7586,0.0
7587,0.0
7588,0.0
7589,0.0
7590,0.0
7591,0.0
7592,0.0
7593,0.0
7594,0.0
7595,0.0
7596,0.0
7597,0.0
7598,0.0
7599,0.0
7600,0.0
7601,0.0
7602,0.0
7603,0.0
7604,0.0
7605,0.0
7606,0.0
7607,0.0
7608,0.0
7609,0.0
7610,0.0
7611,0.0
7612,0.0
7613,0.0
7614,0.0
7615,0.0
7616,0.0
7617,0.0
7618,0.0
7619,0.0
7620,0.0
7621,0.0
7622,0.0
7623,0.0
7624,0.0
7625,0.0
7626,0.0
7627,0.0
7628,0.0
7629,0.0
7630,0.0
7631,0.0
7632,0.0
7633,0.0
7634,0.0
7635,0.0
7636,0.0
7637,0.0
7638,0.0
7639,0.0
7640,0.0
7641,0.0
7642,0.0
7643,0.0
7644,0.0
7645,0.0
7646,0.0
7647,0.0
7648,0.0
7649,0.0
7650,0.0
7651,0.0
7652,0.0
7653,0.0
7654,0.0
7655,0.0
7656,0.0
7657,0.0
7658,0.0
7659,0.0
7660,0.0
7661,0.0
7662,0.0
7663,0.0
7664,0.0
7665,0.0
7666,0.0
7667,0.0
7668,0.0
7669,0.0
7670,0.0
7671,0.0
7672,0.0
7673,0.0
7674,0.0
7675,0.0
7676,0.0
7677,0.0
7678,0.0
7679,0.0
7680,0.0
7681,0.0
7682,0.0
7683,0.0
7684,0.0
7685,0.0
7686,0.0
7687,0.0
7688,0.0
7689,0.0
7690,0.0
7691,0.0
7692,0.0
7693,0.0
7694,0.0
7695,0.0
7696,0.0
7697,0.0
7698,0.0
7699,0.0
7700,0.0
7701,0.0
7702,0.0
7703,0.0
7704,0.0
7705,0.0
7706,0.0
7707,0.0
7708,0.0
7709,0.0
7710,0.0
7711,0.0
7712,0.0
7713,0.0
7714,0.0
7715,0.0
7716,0.0
7717,0.0
7718,0.0
7719,0.0
7720,0.0
7721,0.0
7722,0.0
7723,0.0
7724,0.0
7725,0.0
7726,0.0
7727,0.0
7728,0.0
7729,0.0
7730,0.0
7731,0.0
7732,0.0
7733,0.0
7734,0.0
7735,0.0
7736,0.0
7737,0.0
7738,0.0
7739,0.0
7740,0.0
7741,0.0
7742,0.0
7743,0.0
7744,0.0
7745,0.0
7746,0.0
7747,0.0
7748,0.0
7749,0.0
7750,0.0
7751,0.0
7752,0.0
7753,0.0
7754,0.0
7755,0.0
7756,0.0
7757,0.0
7758,0.0
7759,0.0
7760,0.0
7761,0.0
7762,0.0
7763,0.0
7764,0.0
7765,0.0
7766,0.0
7767,0.0
7768,0.0
7769,0.0
7770,0.0
7771,0.0
7772,0.0
7773,0.0
7774,0.0
7775,0.0
7776,0.0
7777,0.0
7778,0.0
7779,0.0
7780,0.0
7781,0.0
7782,0.0
7783,0.0
7784,0.0
7785,0.0
7786,0.0
7787,0.0
7788,0.0
7789,0.0
7790,0.0
7791,0.0
7792,0.0
7793,0.0
7794,0.0
7795,0.0
7796,0.0
7797,0.0
7798,0.0
7799,0.0
7800,0.0
7801,0.0
7802,0.0
7803,0.0
7804,0.0
7805,0.0
7806,0.0
7807,0.0
7808,0.0
7809,0.0
7810,0.0
7811,0.0
7812,0.0
7813,0.0
7814,0.0
7815,0.0
7816,0.0
7817,0.0
7818,0.0
7819,0.0
7820,0.0
7821,0.0
7822,0.0
7823,0.0
7824,0.0
7825,0.0
7826,0.0
7827,0.0
7828,0.0
7829,0.0
7830,0.0
7831,0.0
7832,0.0
7833,0.0
7834,0.0
7835,0.0
7836,0.0
7837,0.0
7838,0.0
7839,0.0
7840,0.0
7841,0.0
7842,0.0
7843,0.0
7844,0.0
7845,0.0
7846,0.0
7847,0.0
7848,0.0
7849,0.0
7850,0.0
7851,0.0
7852,0.0
7853,0.0
7854,0.0
7855,0.0
7856,0.0
7857,0.0
7858,0.0
7859,0.0
7860,0.0
7861,0.0
7862,0.0
7863,0.0
7864,0.0
7865,0.0
7866,0.0
7867,0.0
7868,0.0
7869,0.0
7870,0.0
7871,0.0
7872,0.0
7873,0.0
7874,0.0
7875,0.0
7876,0.0
7877,0.0
7878,0.0
7879,0.0
7880,0.0
7881,0.0
7882,0.0
7883,0.0
7884,0.0
7885,0.0
7886,0.0
7887,0.0
7888,0.0
7889,0.0
7890,0.0
7891,0.0
7892,0.0
7893,0.0
7894,0.0
7895,0.0
7896,0.0
7897,0.0
7898,0.0
7899,0.0
7900,0.0
7901,0.0
7902,0.0
7903,0.0
7904,0.0
7905,0.0
7906,0.0
7907,0.0
7908,0.0
7909,0.0
7910,0.0
7911,0.0
7912,0.0
7913,0.0
7914,0.0
7915,0.0
7916,0.0
7917,0.0
7918,0.0
7919,0.0
7920,0.0
7921,0.0
7922,0.0
7923,0.0
7924,0.0
7925,0.0
7926,0.0
7927,0.0
7928,0.0
7929,0.0
7930,0.0
7931,0.0
7932,0.0
7933,0.0
7934,0.0
7935,0.0
7936,0.0
7937,0.0
7938,0.0
7939,0.0
7940,0.0
7941,0.0
7942,0.0
7943,0.0
7944,0.0
7945,0.0
7946,0.0
7947,0.0
7948,0.0
7949,0.0
7950,0.0
7951,0.0
7952,0.0
7953,0.0
7954,0.0
7955,0.0
7956,0.0
7957,0.0
7958,0.0
7959,0.0
7960,0.0
7961,0.0
7962,0.0
7963,0.0
7964,0.0
7965,0.0
7966,0.0
7967,0.0
7968,0.0
7969,0.0
7970,0.0
7971,0.0
7972,0.0
7973,0.0
7974,0.0
7975,0.0
7976,0.0
7977,0.0
7978,0.0
7979,0.0
7980,0.0
7981,0.0
7982,0.0
7983,0.0
7984,0.0
7985,0.0
7986,0.0
7987,0.0
7988,0.0
7989,0.0
7990,0.0
7991,0.0
7992,0.0
7993,0.0
7994,0.0
7995,0.0
7996,0.0
7997,0.0
7998,0.0
7999,0.0
