index,y
0,6.084497638930026
1,6.869846339808435
2,10.107604994272323
3,0.7193744825930092
4,5.986055700148924
5,9.949721775031446
6,5.668785293266305
7,7.101615379074496
8,7.968442948822955
9,6.767578418186518
10,7.461391090592916
11,7.734189752562011
12,8.217020680671567
13,11.334815442812168
14,11.382510766938081
15,10.65426347030453
16,4.37536356989389
17,3.4158087843424356
18,7.691640410534969
19,7.502665329500048
20,4.905788040726716
21,8.439246004545168
22,5.897704367823255
23,13.368424086586971
24,5.314234694781927
25,5.905658023195466
26,5.788802413865547
27,8.316209567400277
28,7.6786497527078605
29,6.054730962373248
30,7.586175242793908
31,0.5433342718590561
32,13.842735469121859
33,-0.27097627195731455
34,9.336558038075312
35,2.6615459179368415
36,3.6298665740672726
37,6.472513192660209
38,-1.8357329932865392
39,14.666151689710265
40,4.971687277550183
41,2.302645313987446
42,11.868086740888128
43,-0.5867848451033248
44,12.690512750735676
45,5.197759099935353
46,-1.4540535683034375
47,14.489869392883099
48,5.2422550015049625
49,1.7894969345236063
50,11.783274695721614
51,-2.1780463568637827
52,10.862862475720444
53,12.02588999865191
54,-1.0196269059723806
55,10.924501594469934
56,0.016171259427802526
57,12.16028884367883
58,3.958264862525246
59,5.725506925948436
60,2.2655272812802703
61,6.489374914747455
62,5.593517341907093
63,7.165085684864199
64,4.385124015132085
65,11.641682193768228
66,3.101499071759872
67,7.023981801910967
68,6.802451690724823
69,5.258392933990507
70,2.467415405324573
71,4.641499630483913
72,4.794171003570137
73,3.7889934880110414
74,2.37504396406521
75,2.1607278642666996
76,5.781142571589834
77,3.0675191728877875
78,3.977603245485086
79,2.469697609407415
80,2.8599982787083547
81,4.948502924959901
82,5.333169883583659
83,2.3620563979757945
84,1.5960827094271022
85,3.413939321806819
86,1.6969627934446085
87,2.785416096921642
88,4.143780686634354
89,3.3872456302686844
90,4.782669755711695
91,2.5159169885927724
92,2.0271981458938586
93,1.499019888098782
94,1.6267802320880242
95,4.532092137283303
96,0.6246324040527622
97,2.0575332694482142
98,5.144143820596198
99,-0.4424359670891277
100,2.038037965645095
101,-0.5514884364788432
102,5.235936313475401
103,1.538213295670708
104,3.5407144098676886
105,2.079648044010979
106,1.3986004569477086
107,3.773330746160698
108,-0.8923433877721086
109,4.424315784039317
110,0.44010506893964074
111,5.602402177831423
112,1.5868129448683432
113,1.994674130986878
114,3.5977452266371186
115,-0.8134501728123475
116,3.329524281210095
117,0.9540187207292076
118,1.275513286050286
119,3.7565946751339108
120,-0.8281944019819373
121,5.974737459611789
122,0.18709584248148284
123,2.680390087675568
124,6.741278031231215
125,-0.36164637651371684
126,2.563929023267039
127,11.023804126011091
128,-1.3679253425880975
129,3.9802137385174903
130,2.038829205633589
131,6.228693099279489
132,7.899754508795628
133,-1.3456956080409563
134,1.8200159183599034
135,2.412200288756498
136,1.8299462794349224
137,6.486332591971971
138,0.2497855890479593
139,5.099832142186419
140,2.7937993792984197
141,6.119340522293429
142,2.378551825075473
143,6.405162938464014
144,3.523564090243891
145,2.8926887819518936
146,4.758820757126682
147,6.232779380587902
148,11.678746947509772
149,7.955779574994784
150,6.287730318798403
151,10.595716632901809
152,8.208129000625368
153,3.511924572561745
154,6.8454800435823175
155,4.462397179819763
156,3.61638873461427
157,3.131716775127059
158,5.942267133971743
159,7.545056751909459
160,4.606468224572005
161,4.329639951361542
162,7.291283486241471
163,6.609172378070303
164,8.712004711864342
165,9.329051114133286
166,8.752053362090342
167,5.113940814377801
168,5.935704451286829
169,7.115253444282534
170,10.16351536397486
171,6.47196635012432
172,9.17342923816079
173,8.401328255994985
174,8.931318022564236
175,7.698589575785741
176,10.24107044307674
177,8.161898344026024
178,7.3626455531651525
179,5.6387875789889685
180,9.79457134956904
181,11.790229709264164
182,10.87014439932118
183,2.900137463227062
184,12.797098390160935
185,2.8363024468401807
186,7.841207591431682
187,4.006298259897317
188,4.17939418900856
189,13.610631360825987
190,1.9319174301123145
191,9.323186895500545
192,1.4432892714416061
193,11.958158667304307
194,2.8358533859321136
195,7.50022879874797
196,9.91266226926813
197,0.47476515963043275
198,11.349954798253934
199,1.6564694081133766
200,7.7275409952486465
201,8.066221462955589
202,-1.383781805195859
203,11.712448817011218
204,8.815928166539189
205,-0.9319080470872435
206,8.991027119464702
207,2.6856397914101278
208,4.3037089847305685
209,13.069981671886286
210,-0.3499894061833656
211,9.665084948742
212,10.982850870302794
213,-1.6931739567768538
214,8.929344989533138
215,1.3864948644353807
216,8.988090153101195
217,6.7803557119803255
218,9.370925231291872
219,12.97854793113256
220,1.7084399473305876
221,10.814804107299656
222,2.9989503288071258
223,10.722755160325564
224,4.351982962112738
225,8.156311979596163
226,7.076712446985033
227,3.9111372181871857
228,7.025770349334889
229,6.130845066055463
230,1.0831027202810013
231,5.2526481100155165
232,4.229753854483379
233,4.150954789186665
234,2.313064004950677
235,1.0231746968918285
236,6.763265729369081
237,6.668670808253054
238,2.405802269126347
239,0.7962859853380784
240,1.7531327661106737
241,3.3827123265971153
242,3.8002148643381624
243,4.126850352014891
244,6.260225876892898
245,4.777525819111618
246,3.424590913326306
247,2.3168045170351013
248,3.291567128325632
249,0.4449171671754573
250,0.7827154909288848
251,3.0658880574993637
252,0.7537227649501528
253,3.5337386475427772
254,3.451799084092751
255,2.6566339001321952
256,2.782594482588787
257,2.1723864552265915
258,-0.681701132249718
259,5.459648638763451
260,7.630923655406823
261,0.21478418516211717
262,-0.4440261223865384
263,1.4779705113517827
264,7.3045870323082775
265,-0.8380122471828287
266,1.3971231901971382
267,9.259546130328648
268,2.9389061022816967
269,0.0059608062550434455
270,-0.6159274165910913
271,6.61829173453609
272,10.06122054819583
273,-0.5744514383045006
274,-0.10726948449653925
275,2.7852923485118732
276,4.539217053143248
277,2.4851017295392195
278,3.740182276208776
279,-0.41639596864378414
280,0.42118725835827425
281,-0.7961845378075003
282,1.9314227009316092
283,9.791557714441925
284,5.157532990403721
285,1.7694289270928694
286,-0.01715783719790157
287,-0.16567298676379313
288,4.134721038188315
289,7.7155023273377425
290,1.6092409497504465
291,-1.3811264553502058
292,8.215387524940821
293,7.52185346557054
294,-2.027553129262694
295,6.010199679628715
296,3.3509889684627603
297,0.6045592334113603
298,11.745006068166687
299,0.47186593684336664
300,9.326367774398436
301,1.7218404802671103
302,2.7219486394926795
303,2.566295488897135
304,6.632631076689485
305,4.231001013423685
306,5.834371654911203
307,4.386628870860404
308,3.9227942085083107
309,10.464236762569266
310,5.538891015130263
311,9.418777617736989
312,3.5762355903652807
313,6.832265601993165
314,9.005667530881727
315,-0.9747614635283103
316,4.95463032934998
317,3.75142739511064
318,4.320911020328935
319,5.582971486733326
320,6.540040659462943
321,6.46280030488558
322,4.138584627447141
323,5.61504068749858
324,6.80208555342802
325,8.022217057006415
326,7.707064961334382
327,6.173409136594317
328,8.563396375649525
329,8.981340505319407
330,8.319101726851235
331,7.784484745511427
332,9.031165340886199
333,10.371660620387807
334,7.866949936896134
335,13.14113256908026
336,6.992564515888712
337,7.655061339996946
338,6.5802874815861
339,7.927049136583529
340,6.366898646394756
341,9.135618982559194
342,6.845972338635794
343,10.335849360638854
344,11.45164740967014
345,3.858581275284223
346,10.615435543029662
347,0.08675440624230676
348,9.025889015684525
349,0.9412184247252249
350,13.57366045096032
351,3.0254387384393997
352,9.861151340752915
353,5.575168297129068
354,10.143486490050332
355,0.9199725643796172
356,11.707695179166958
357,2.1874899363903793
358,13.045045920512285
359,6.684013024587445
360,6.177100073351053
361,10.512351717236685
362,-1.2127502864091766
363,12.791911308403469
364,0.36268458250338353
365,6.54347437261614
366,10.81135961926068
367,-2.2536787228923836
368,14.357402081196259
369,2.2683948705517047
370,5.973765041326003
371,6.157251325612843
372,0.5156539031190467
373,17.232757311982557
374,2.269084445364435
375,6.009030570060275
376,2.10614250049442
377,5.709574734860949
378,2.9525832339385905
379,9.452338907161101
380,1.5111828309752886
381,7.923803326793016
382,3.863546152896519
383,12.087463158110843
384,7.551982985308278
385,6.809019783361767
386,6.089617075619911
387,5.155700548733606
388,4.631534303643006
389,3.981661239062575
390,3.5142855350692637
391,5.540009233528249
392,7.220659057634224
393,4.263126865459942
394,6.113903551324027
395,5.786274900328994
396,3.6999233453809595
397,4.4536211552076015
398,3.4516539755613205
399,0.7580893860087555
400,2.559302515168197
401,3.164986906561031
402,2.4276946920379743
403,3.1965334876341185
404,3.531993607538169
405,2.5050317455002755
406,3.7877187115308972
407,1.8132730452615846
408,4.008209895209577
409,1.4189141850633307
410,2.690309851404143
411,2.382198369158991
412,2.8891846599946107
413,0.9885975943240786
414,2.05824059735144
415,4.775673463684055
416,2.712273903318836
417,-0.5855323407077898
418,3.2072232443601
419,3.6748052566468536
420,1.8100606493449842
421,1.3974402915474669
422,2.8596657688177243
423,4.552908231037032
424,5.428034876453657
425,3.859561348907569
426,-1.3080658202135296
427,6.937242770111706
428,4.44931719140673
429,3.3559581915183525
430,-0.1755094068251581
431,1.4195298528683118
432,3.051053109413901
433,-0.8397901087782675
434,5.499388700490733
435,1.3496879509756639
436,-0.5912179666396499
437,5.420494336359537
438,-0.5983492639848618
439,3.4812926136378803
440,2.944441320083498
441,-1.0720912651289656
442,5.814452592501016
443,4.102269384371679
444,-1.8056736333932109
445,7.82353320642794
446,5.782820847248909
447,-0.2474704814931626
448,4.480586409744188
449,0.013867798441982332
450,2.4022480258661187
451,9.255473118466696
452,-1.0256306697084858
453,7.062324944072652
454,4.645423231569568
455,1.566188919302761
456,4.689509767338434
457,3.4182746804180497
458,7.109739799551103
459,1.6252142443220015
460,8.114628512549514
461,-0.09053104630921983
462,2.218377434020942
463,0.6259867557082027
464,1.764909535735706
465,4.619796461345899
466,5.906693795384522
467,6.09658708249482
468,7.34818077786366
469,5.750125912188536
470,7.126059711998738
471,7.570811411991643
472,8.992714116344255
473,4.519896562427266
474,5.260694894080016
475,4.383513889489119
476,5.0984933540213735
477,3.583336479295655
478,9.528653548815788
479,7.099480289278417
480,12.05068338100978
481,6.8554704482288145
482,7.662937689760576
483,6.6668598464191495
484,4.0330502091852996
485,5.140646975122979
486,8.460734290248082
487,2.5113143351046894
488,8.683801496535642
489,7.9259030840454265
490,8.8128045400021
491,6.131112560675147
492,8.085910888356496
493,8.640383758581775
494,9.7195113921539
495,9.332996424245014
496,9.743998979708065
497,5.428803843828916
498,8.832461966297425
499,8.278511869963808
500,8.560015263306974
501,4.3160006093004055
502,14.910210077433222
503,5.0704570733912995
504,14.498984280842652
505,3.3973178549016283
506,10.159861322931404
507,2.2574152709157493
508,10.197936208737188
509,1.537005430970622
510,9.389390792667243
511,8.231590684086271
512,5.241648541829507
513,10.994578695356426
514,0.7764893236800406
515,13.82358307806489
516,2.581865973415676
517,4.759309590520288
518,13.894812259701471
519,-1.2700460161050668
520,9.441780540101897
521,7.431453828002904
522,1.456525961715374
523,12.71368040383975
524,1.618529428063453
525,6.240923971578951
526,19.401443913657413
527,2.82246551535393
528,2.0359529313548648
529,17.23798357979503
530,-1.2175692426249054
531,11.545217921555576
532,8.335542874144148
533,-0.7526111949471485
534,7.62180645470048
535,0.03747375661203949
536,8.332029210658762
537,3.9471365109053838
538,5.224142173908451
539,7.684552200042383
540,0.9242188034694743
541,8.550054232085726
542,4.5454383822320175
543,7.118745434607185
544,10.023659533148638
545,3.5654962244087987
546,5.573251111488859
547,3.5666927894423313
548,2.62610350905917
549,5.848562503072808
550,4.829340805675335
551,10.268562349426551
552,0.523323867470772
553,4.875923279112268
554,3.8570210411282635
555,5.753176726208713
556,3.4558448144027407
557,9.004271115278481
558,8.953647101439556
559,9.286496079659077
560,-0.24197305103791414
561,2.2352911780252898
562,6.333372779598087
563,5.557915261114302
564,5.144561268685762
565,0.2896502408270174
566,0.791955678311423
567,4.2751231484788645
568,4.882972855002078
569,4.244500007958103
570,1.3912700662609618
571,4.203764746095189
572,6.968945889897498
573,3.069187342837471
574,2.1952193177326893
575,1.8831180673261627
576,2.45266393759111
577,2.686260339395551
578,0.3249544586165563
579,4.562763387730702
580,0.17568153119790808
581,6.125195165031708
582,3.056492310468447
583,-0.280240715765189
584,1.7927133162413835
585,-0.06764532102420556
586,2.5332260661725927
587,0.33668782736955843
588,11.413034186525854
589,1.7922878866995857
590,2.1339558026031433
591,2.205293195187075
592,0.13658832011213465
593,7.657103761765394
594,0.7540620808190414
595,5.364565471209821
596,2.962380041106672
597,-0.6803688854537612
598,7.579853415851748
599,1.4913376650595465
600,1.7478743196780504
601,3.186595652618165
602,-0.736185233205561
603,6.065501738569574
604,5.190778992383987
605,-0.8988303887122888
606,1.9226096104748118
607,3.7369728735548695
608,-0.3407190338528945
609,2.3659389804989295
610,8.70753438541372
611,-1.4643983422406948
612,11.699903207553419
613,5.698433296545513
614,-0.040403290887226696
615,8.526357344391085
616,0.9299233626479151
617,7.856594879577834
618,4.718916405695256
619,2.856588950171285
620,3.6987532034665507
621,1.1909385843406368
622,5.21065211182738
623,5.242627506387455
624,8.02475284905688
625,1.8572833596044285
626,6.473186020035517
627,9.507507524665787
628,12.743178211911834
629,11.107810688347682
630,9.249128315527994
631,3.896748392240916
632,4.37121205508387
633,6.362824511462556
634,12.154219590921999
635,8.89756118885164
636,7.366681408727241
637,5.808760013643888
638,3.447510385501774
639,4.151320381971211
640,5.906489420939634
641,6.60559368842438
642,6.897594425820792
643,7.208084554653719
644,10.901768394224215
645,7.115620708115895
646,10.178722352548366
647,5.517275299408177
648,8.530803460643961
649,7.568033284818757
650,11.868790974269864
651,14.426336394578684
652,10.641810638056223
653,9.288806569107189
654,8.19402140453143
655,7.167794160685368
656,10.365226121925431
657,10.657294063609225
658,10.092483156185072
659,10.196546377019446
660,8.777642765973441
661,12.298792720564776
662,6.982831180325986
663,13.388594166544154
664,2.703245617650467
665,11.76624516069264
666,6.76730474457597
667,10.483446907840056
668,4.437706410127745
669,7.556347336127356
670,18.08416763139368
671,0.29720337148389286
672,17.85101030839792
673,4.2000952399624305
674,2.655098865284901
675,14.521757823017486
676,1.6464347508874457
677,12.015633518528615
678,12.223446960459036
679,-1.3564593147994952
680,14.472792734006312
681,8.37309589604101
682,-0.07842119692286104
683,15.596658090278295
684,10.916448415386075
685,-1.6381214678029075
686,15.895493259119887
687,7.676349266002638
688,-0.4132473219893967
689,14.780693854298553
690,3.852387505987256
691,5.155479953254707
692,19.170174844452053
693,0.3060819793802558
694,14.17490675238752
695,4.37168069346616
696,7.931907614208451
697,6.3168042992205145
698,6.510248208213463
699,8.528038891039483
700,2.6404139843172607
701,15.869986688811316
702,3.3773561186320955
703,12.87405848318808
704,5.949956864614772
705,8.812174439014521
706,5.492130436013464
707,10.039691713946056
708,7.979699162996632
709,5.177255471955096
710,8.291806029869534
711,12.863013226808313
712,7.100540662213024
713,3.199973144352569
714,3.2923391482300737
715,5.558104541892956
716,7.4105175760306645
717,8.375345555718463
718,6.870836443841653
719,4.862301285794013
720,5.427770025197084
721,5.808080318086417
722,3.4138553793246382
723,4.807025000315812
724,3.0732235962022605
725,4.248888525090724
726,5.344456563089679
727,3.41096396923784
728,3.399122063734199
729,5.108261489974291
730,4.415984810123533
731,3.163137156729343
732,2.4490695794653146
733,2.732683472899071
734,4.475331714424091
735,4.594187783594294
736,1.3077868964770643
737,11.40300644806117
738,1.1876852349337368
739,6.06481096717509
740,4.201891808085547
741,9.930605152078384
742,5.62485752201465
743,4.744645656906812
744,4.216219765736996
745,4.188542193377407
746,3.6504893402035745
747,2.7460002426077534
748,6.496153368929412
749,0.7008249998475636
750,6.617982432381851
751,3.396541690804696
752,5.06203425449851
753,4.51571837089492
754,0.926282730621192
755,5.194803183901257
756,4.125865856406693
757,0.6834475181393012
758,2.609996351743137
759,7.881160381973242
760,2.8431412438240193
761,-0.7719060464701897
762,9.059552063595588
763,8.992194615651993
764,-1.240930146397012
765,2.4761472575337904
766,6.135352117045988
767,2.8285615941067697
768,1.1241947744430747
769,8.03074275735115
770,3.491086567494711
771,4.742931796393446
772,3.9537839607488476
773,0.5132238480415994
774,6.547658889901413
775,1.4408261276200016
776,3.9899987426552124
777,8.792104441990654
778,2.224520184996973
779,7.330159030709516
780,0.47977866831404375
781,11.130134523785413
782,3.89305685389785
783,5.915389476980111
784,4.490776756107604
785,8.796873051969921
786,4.1341122084663295
787,11.645834215517455
788,15.867178730116365
789,9.528469653868198
790,9.66277615058168
791,9.261935147621886
792,6.148565181287797
793,5.442631464927788
794,2.06595619600745
795,4.590374607678453
796,5.84420172289705
797,7.2190788920139175
798,4.4386607609296345
799,7.309212548835064
800,8.949811817599926
801,10.629340419768281
802,9.078018255799485
803,9.64782308490435
804,5.119446753331575
805,6.352702894071144
806,11.321757525272572
807,11.774173018219022
808,7.159217193998131
809,14.841104109412603
810,11.157781084955005
811,11.918078787583953
812,10.145475204008848
813,13.599104239483749
814,11.839721276943338
815,9.455676323939754
816,8.527050643035084
817,11.04891602377411
818,9.554720993924109
819,10.134150909401209
820,15.31696768144758
821,10.20942375558499
822,15.434573207668548
823,13.709915392805854
824,11.468809494806669
825,9.679684584516858
826,10.962362726738654
827,14.726844536867842
828,4.357221111479707
829,13.70520542003196
830,3.811286709920173
831,14.593898285365796
832,4.000226807659543
833,17.897248025722565
834,2.0280519425203685
835,11.77373121981403
836,11.918741353364407
837,4.064899230805024
838,16.19827576396208
839,6.734179702237719
840,6.54287138769332
841,15.5816083600472
842,0.8929036159997517
843,22.001706593568002
844,10.952395373074587
845,0.4020012695830924
846,14.92216803517016
847,7.211569906887113
848,10.167010676457975
849,14.906419852943062
850,-0.5080070978742384
851,24.84286424947165
852,7.033395047442026
853,5.287762167117675
854,10.64862998650343
855,2.9971842274980482
856,18.711245473481053
857,2.9647612930394325
858,10.865387898429361
859,10.04099390329336
860,13.23001880207185
861,4.857891107495523
862,9.790537243451732
863,9.607029038081278
864,8.170281166231238
865,7.742525935471263
866,7.7254187023633625
867,14.161788101278177
868,9.447324580763718
869,9.734791890183253
870,7.902144143220308
871,7.982350235911156
872,3.2745073726768066
873,10.135202413462942
874,6.777060943923791
875,6.6686464203938005
876,11.58009060190737
877,7.57075626359654
878,8.533749599198694
879,12.110204423149137
880,7.258432392448767
881,6.2861327139100025
882,6.9325318255941895
883,3.9884677763606216
884,8.420910560651736
885,8.582184105829082
886,7.6810255675265005
887,8.652976979622998
888,5.841605763129968
889,5.247351726836639
890,6.541712769801201
891,5.231372816406294
892,6.883117951993668
893,6.030646044706558
894,3.087062112740045
895,7.4265980788855765
896,5.585259733355635
897,8.616713997990148
898,3.688112631681627
899,5.477912930089586
900,5.032709619211568
901,8.975346128712292
902,4.047124664870364
903,7.834083169726103
904,3.9560999701636974
905,9.655895124655904
906,1.6838519473048124
907,8.441434684547767
908,3.1959640062046635
909,4.963648226087959
910,8.972151464042819
911,5.087606218515263
912,9.069869348434896
913,0.6574629992846901
914,7.710856083396085
915,4.150394903372965
916,3.702114194247411
917,6.0153489379674925
918,2.641428340791987
919,7.221784515911678
920,10.599486835871373
921,0.2869720016458105
922,8.005136478495926
923,9.907048440789193
924,1.6904250068567448
925,8.825996151450498
926,8.236222258717168
927,2.2936516274799197
928,4.820832397038932
929,13.428470923921166
930,1.94045248813206
931,6.057767387347173
932,16.23236384241925
933,1.801441469616442
934,6.521701984668813
935,5.163791292108487
936,3.5781073522527787
937,11.407337359167373
938,2.687056220145938
939,6.879512302565051
940,4.8817290021465185
941,2.947818489186332
942,8.212382963713221
943,3.3145564128567724
944,3.4814116841145273
945,7.163786747944736
946,5.128310006786733
947,10.78692965453823
948,9.510961462008908
949,9.611913402935373
950,11.983628750537797
951,14.149641902355073
952,7.3003913913260154
953,10.548929752755889
954,8.743854946890414
955,10.060260983743563
956,8.925073760289736
957,8.346728666392325
958,7.48305259852921
959,9.00904153758446
960,12.983599823673465
961,11.115445001848057
962,10.348600093816854
963,14.809919688957137
964,10.762973333212093
965,10.034659016540928
966,7.347816268280479
967,9.070603921376332
968,11.361595930887324
969,12.777528230733886
970,12.848302713198406
971,11.369893592017483
972,12.305694674088867
973,11.859310921670033
974,11.714342256619725
975,10.043032811735472
976,12.520832704730228
977,8.786677832432911
978,12.296688916877395
979,9.203991962750232
980,11.973343142031323
981,11.630589609503994
982,11.644123514417629
983,16.132090826585717
984,3.981805322594371
985,14.40448015690955
986,3.9210795802153986
987,11.387387841394156
988,9.371757213574707
989,4.439836303994948
990,16.045228002328546
991,6.747113982869453
992,14.10929047254811
993,5.978577044640008
994,9.02092868767874
995,19.54132023686333
996,2.2107512463620442
997,10.083414568269767
998,5.301156606403363
999,3.40713140042869
1000,20.75968766442392
1001,12.970733454574342
1002,0.8040561235816043
1003,17.3333616433396
1004,10.00794271631535
1005,2.9129378115235025
1006,14.424833448119287
1007,12.06511734229987
1008,-0.19212149298336204
1009,14.873374409548594
1010,5.019461171961401
1011,7.6896427978474255
1012,9.352472277337318
1013,2.529297241243209
1014,13.456082836314893
1015,4.869352266816808
1016,8.517221276776853
1017,8.139955576877776
1018,9.467595443248124
1019,6.641928568015875
1020,10.81149820311176
1021,6.153084712324727
1022,12.140363998553132
1023,11.436030808279211
1024,8.829509698766062
1025,7.335946044778626
1026,10.806260769485197
1027,6.9879335079097515
1028,11.973873324135978
1029,13.086193735905688
1030,10.469003961981553
1031,11.771309023278684
1032,9.498595713506743
1033,8.22275686502831
1034,6.941518600793474
1035,9.37756604705933
1036,11.813777990878876
1037,8.218485308871118
1038,9.031299632964833
1039,12.824128273239305
1040,11.264980003172727
1041,9.502616875259502
1042,6.192854588755871
1043,4.713776172601315
1044,9.179738198861374
1045,10.559475566658328
1046,7.587159640899041
1047,8.426613934517514
1048,6.376950494926906
1049,6.6521063929337485
1050,4.68939623229677
1051,6.724167586053521
1052,7.407887723580018
1053,5.7713718306664985
1054,4.928938259953796
1055,10.580710007791787
1056,8.628959019895317
1057,4.341311204918409
1058,4.515494839121935
1059,14.964761374482995
1060,11.031041416977406
1061,2.7790827607406294
1062,4.588471665576088
1063,11.033690475171433
1064,9.075558756059717
1065,3.421315151247942
1066,3.2784067588648096
1067,12.538990198424461
1068,7.436307030516184
1069,3.0897568718451223
1070,1.964372432139904
1071,9.879408513452713
1072,8.571899896919462
1073,1.509273297140999
1074,5.9934490853611955
1075,10.595779248066213
1076,14.578035745075931
1077,8.467521273167836
1078,3.4502617013699846
1079,3.280618081261766
1080,6.191468376018961
1081,7.803739931033131
1082,13.882882290028155
1083,7.7286310057990475
1084,3.8182941528958305
1085,3.092036808619916
1086,0.06304014819545344
1087,12.622391149830817
1088,14.697109739722672
1089,2.2409629106928186
1090,8.084119283370972
1091,15.970039197948337
1092,14.114329218788136
1093,5.672989613877143
1094,12.264121127727734
1095,6.602052761793785
1096,3.896655688396114
1097,6.456331435542467
1098,2.3764093997793894
1099,10.479248677623268
1100,3.3960276940899226
1101,13.011320927048303
1102,7.889190301733247
1103,9.466078540688322
1104,4.406326123538092
1105,3.9004819041578904
1106,3.1057594328660283
1107,3.230957860256219
1108,4.841303109120732
1109,5.150540973663129
1110,5.923885076536956
1111,10.261620009170235
1112,13.167476415826004
1113,6.936372636308491
1114,5.964758270889148
1115,11.679852479109135
1116,9.411849681792123
1117,9.54910153532001
1118,9.040311195918402
1119,7.322263894973767
1120,7.189640523130826
1121,9.852802545301389
1122,10.879292765351448
1123,7.594031941877443
1124,7.415486314351345
1125,12.777874253734057
1126,8.508446833565362
1127,10.8792848327238
1128,8.896710246605931
1129,9.820140318141403
1130,13.823010964291559
1131,5.8545797376028315
1132,14.051659991378273
1133,6.331228136448454
1134,5.945813138796086
1135,10.386153597007846
1136,10.7977126644195
1137,9.106412108810073
1138,8.178051176904622
1139,12.87956509498147
1140,12.762284546052504
1141,7.694418440318228
1142,1.1384879080556825
1143,16.615890101755713
1144,4.615143999230292
1145,4.424805960585332
1146,11.036440643926143
1147,4.890898164150286
1148,19.18116642508385
1149,4.566611274303631
1150,12.533417046858354
1151,1.8163164072456246
1152,15.898545735010037
1153,5.832012875504816
1154,8.391704987274982
1155,6.943819395160001
1156,7.122424346640308
1157,18.993416497146693
1158,0.6742884872680905
1159,13.64883648208493
1160,7.136265546497178
1161,-1.9393685297865078
1162,16.568803124692018
1163,6.341306514109718
1164,1.5784895060039368
1165,20.39672616384833
1166,2.2651969631779294
1167,9.213017423735119
1168,11.951012890990517
1169,-2.0769164349024902
1170,10.608605034895579
1171,8.721868762960986
1172,0.5075515121249671
1173,17.108196813752897
1174,3.704866543673038
1175,17.31828037583363
1176,6.025844555131218
1177,10.696506716347288
1178,3.7412451190654044
1179,10.16840561434689
1180,7.8664011233626425
1181,7.08978552519059
1182,6.22089558607543
1183,2.57845220990238
1184,3.427545700459522
1185,2.998283347451299
1186,3.3055085923946774
1187,6.866138939431457
1188,7.4138908066357985
1189,7.493103709792091
1190,4.2213152457383725
1191,9.490973810320893
1192,7.359303708089847
1193,4.846014164334712
1194,5.290351113088707
1195,-0.31407317943294216
1196,2.312211146211227
1197,3.4318694641972294
1198,3.6621069494889604
1199,8.573607122113868
1200,9.458348032451497
1201,4.612400671471149
1202,5.213566834184223
1203,3.1163895433722075
1204,5.265623430128945
1205,7.241365155771825
1206,4.247661378451098
1207,8.740384312793692
1208,2.100184598349196
1209,1.1738148636296952
1210,8.210165693489499
1211,3.0290162202227773
1212,2.341210054143889
1213,4.632113962647408
1214,2.9794174626173873
1215,5.498814382712621
1216,4.761639363529005
1217,0.917988427477746
1218,5.334588731811533
1219,-1.2778162332823362
1220,2.8169887025074325
1221,2.8149294378152687
1222,4.1414076732927105
1223,6.320500176076538
1224,4.7345560658570705
1225,0.06880294038973567
1226,3.5122724093670996
1227,0.27821938931277346
1228,4.078432745125441
1229,2.1002367507671367
1230,0.5149057924263539
1231,2.046937784825441
1232,3.381152919588011
1233,9.17158990976244
1234,1.2680443141839286
1235,5.476314192368253
1236,-1.3450876114837462
1237,1.9107590560139858
1238,7.2531519399333915
1239,-5.449390697117424
1240,4.666202324594812
1241,1.1036465177262191
1242,0.5345173044733175
1243,4.167131309405
1244,1.8408083233695312
1245,-1.604777978551925
1246,8.81998781242247
1247,4.5755142655984935
1248,-0.5018951636171108
1249,5.98425842838312
1250,-0.5897388658234028
1251,0.2839551436038962
1252,7.2989580755409245
1253,-0.9782113148172263
1254,12.550366061293238
1255,5.771838425784578
1256,5.943597644747992
1257,4.613645476622222
1258,5.664199754942813
1259,1.4686369596386044
1260,8.373691915989076
1261,-0.890044573377013
1262,4.717911750330573
1263,0.25998873793086175
1264,5.28892092261321
1265,0.998291645731614
1266,3.028697777626358
1267,11.022134511099853
1268,16.288233071454965
1269,7.374902220872207
1270,10.628927910239197
1271,3.6861951923429745
1272,3.14951070732534
1273,5.673087787193105
1274,1.4726495808924998
1275,5.247520951989515
1276,4.96805869626953
1277,5.463302651636979
1278,0.2303539945736942
1279,5.115109155559557
1280,8.752517657118586
1281,6.961368755640163
1282,3.578096152025412
1283,10.355909527397555
1284,10.026649309115422
1285,5.336725503711707
1286,1.2711542654596582
1287,4.4358663360744
1288,12.056887788317695
1289,4.900299565135389
1290,8.091583804396594
1291,8.045324057420885
1292,12.364083504149201
1293,15.541227616857823
1294,10.05192449742539
1295,9.959824700618114
1296,6.036813058076899
1297,2.277452464433308
1298,5.819138818593258
1299,4.180672792751829
1300,7.041999768202821
1301,4.872985696096028
1302,11.508175543675547
1303,1.6243044316082322
1304,6.779529933259726
1305,0.6593463675400829
1306,14.465783580047159
1307,-1.8233105284386266
1308,6.477060315334606
1309,2.9773679964633324
1310,0.73425983584534
1311,0.8416469443742443
1312,7.812938982195401
1313,12.318945097211053
1314,-5.537880040346445
1315,10.72778541514382
1316,-3.76653068695745
1317,4.55921951220017
1318,5.447972924363856
1319,0.5272540626123643
1320,12.097707681328611
1321,-6.541875839218114
1322,4.73633500413271
1323,7.0236617668379955
1324,-6.439054295064502
1325,4.346515091491418
1326,7.063546306796257
1327,-6.640255424201488
1328,9.846512701606622
1329,-4.425400600380806
1330,1.8859551108162176
1331,14.242034480693828
1332,-6.285966115993598
1333,7.441003741424386
1334,-2.699354706627783
1335,-0.24138645272752154
1336,2.3176797844899313
1337,5.871682868975725
1338,-0.7530752558173308
1339,6.301602849934594
1340,-5.335515744158263
1341,1.167040052694251
1342,-2.842978555729237
1343,0.038157721321606886
1344,8.426302256988127
1345,12.426698809024966
1346,-2.2049823588156747
1347,0.06704815413952166
1348,-0.42371544119981996
1349,-3.539615662133915
1350,-1.723428454983081
1351,0.7666107372733902
1352,-4.718694585934934
1353,-1.1290092516221126
1354,-5.854417716339269
1355,-4.87816854384389
1356,-1.4034500174770008
1357,-5.721262571874695
1358,2.267009539930383
1359,1.700755323769049
1360,-7.756765381569927
1361,-5.672640951165271
1362,-9.295609769337949
1363,-9.788637351705235
1364,0.1112043717720799
1365,-4.1317741871066715
1366,-0.19326161789522087
1367,-4.1849229893135
1368,-11.412567618724164
1369,-0.23668645962735133
1370,0.9291669871938345
1371,-9.216243886193137
1372,-5.702694945158218
1373,-7.490606506797498
1374,-13.101055592608525
1375,-5.485834541404818
1376,-2.9217891336778
1377,-4.549509973833707
1378,-1.3408933687226814
1379,-8.531987633181394
1380,-6.793791663186132
1381,-4.358850799274791
1382,-1.0709554849632472
1383,-6.1026341330749005
1384,-0.7207467729843273
1385,-11.46954997482914
1386,-9.033586225461255
1387,-11.396161296677832
1388,-4.530597024736391
1389,-9.915839974549606
1390,0.04794553146278109
1391,-9.968563448363195
1392,-5.499428076662764
1393,-11.432779635922271
1394,-11.92805427552944
1395,-2.8834878618773074
1396,-12.680685944511092
1397,-1.5819662921246864
1398,-4.5620864282174285
1399,-11.842598819000932
1400,3.2700766570566353
1401,-6.648951002700769
1402,-8.134156423027031
1403,-6.55218557095603
1404,-17.691079037774347
1405,-15.458906633358668
1406,6.236018519887146
1407,-6.286731604231974
1408,-0.32799696991862837
1409,-3.5738167940720653
1410,-9.251267876324365
1411,-9.896818891490968
1412,-0.8246147151136006
1413,-16.089510540136637
1414,-8.73708234909927
1415,-10.140854110009078
1416,-7.1605452475010445
1417,6.25054525079578
1418,-11.79829843715674
1419,-0.5193304340775503
1420,-11.207315142564573
1421,1.4401757042321583
1422,-5.34541721353567
1423,9.227222990807045
1424,-11.175783299010893
1425,-3.9373947181356606
1426,-4.680359370567634
1427,-4.465296058509339
1428,-1.55517851354379
1429,-12.582314604741795
1430,-13.971867171951349
1431,-6.9274017130956995
1432,3.1957493267695813
1433,-1.456562695750621
1434,1.1559492619855145
1435,-3.7749170387901003
1436,-6.929613451328807
1437,-14.764715012904725
1438,-18.14595098868693
1439,-4.6038470861033565
1440,6.4708588034819465
1441,-9.580062855317708
1442,-1.0383132584418509
1443,2.7681895140010044
1444,7.840750259369227
1445,-5.603937331126404
1446,-4.36586382518651
1447,-6.6053221007312874
1448,19.543953680959735
1449,-9.810457334749236
1450,-6.349993595910748
1451,-8.542739231395188
1452,-1.6252067110829425
1453,-3.2003381023255133
1454,-16.81235403191096
1455,-12.814495018208827
1456,6.949892405811465
1457,-4.423392183744149
1458,11.795443365316883
1459,11.48890003733943
1460,-3.90421472503159
1461,-9.581475774629896
1462,-8.78586789877168
1463,-18.82779218041886
1464,-12.783723322000013
1465,-19.568470315298907
1466,7.499358140097324
1467,-2.089106882324508
1468,-6.733463901178006
1469,-4.730326521847475
1470,-7.122490875027371
1471,3.004546840361356
1472,-11.902426313919541
1473,-8.953802915440093
1474,-7.137139077821274
1475,-2.440907756576087
1476,-5.967296692946783
1477,-14.502043208746983
1478,11.891982266354416
1479,-10.138822964385803
1480,-8.86261683526498
1481,-11.885699603205387
1482,-10.579100953966753
1483,5.1610637683794085
1484,7.97218521650746
1485,-9.733757473757228
1486,-8.232896536528104
1487,7.895985686747881
1488,-27.924445454867673
1489,7.880179130185134
1490,-7.64592003639707
1491,-12.784450712808777
1492,9.028831026812805
1493,-6.5135204208743955
1494,-4.4835166300866085
1495,22.107435159179506
1496,1.2398312723608735
1497,4.560846302875315
1498,-3.170357225036769
1499,-15.28365530115556
1500,-1.3487301985518863
1501,-5.406504308505792
1502,-18.077811104409015
1503,2.589826701235341
1504,1.0432909525614484
1505,-15.060946521670145
1506,-6.607437553309207
1507,-7.959443375344389
1508,0.09113882527630206
1509,6.153487827711113
1510,11.95361049745443
1511,0.6526163706827242
1512,-4.8506589663070985
1513,-15.997080898946566
1514,-6.817572839713368
1515,-7.489541566014963
1516,-1.4533878975744845
1517,0.3473221858866917
1518,5.689034576925683
1519,-6.295703657278718
1520,1.809927493718142
1521,0.7459805379318138
1522,-6.136645128939895
1523,-2.7994178375893255
1524,-21.265076965464992
1525,-12.284047177263652
1526,-16.80359468847657
1527,8.773171362960726
1528,-8.837706233178167
1529,3.090166110665951
1530,-1.9577189137984907
1531,25.9808267993421
1532,-13.56197396063865
1533,1.938485788809719
1534,11.021263792451848
1535,15.393712097982869
1536,-2.896193972419308
1537,-9.439476507997016
1538,-20.99225567419284
1539,-7.5057241841488755
1540,-16.497413161600804
1541,-13.166230535254641
1542,-14.477968277425033
1543,-3.797704097502532
1544,-11.846949935776978
1545,11.358623012589284
1546,-6.597803550868671
1547,46.364410715065354
1548,13.246328845332233
1549,19.271896923929848
1550,-14.323469886347512
1551,-15.583246683211117
1552,1.0996871131415804
1553,0.03307819310624257
1554,-9.498496878649386
1555,-4.935924184232115
1556,16.0173682578931
1557,7.797153148259684
1558,2.813899065226658
1559,1.8684321877570669
1560,11.39488332851082
1561,1.4745960889787517
1562,19.040996362928052
1563,-12.543693269065725
1564,-12.62133795806855
1565,-26.598615806039387
1566,-5.129048397455758
1567,6.327744070568179
1568,1.0924928124999125
1569,8.794214212423713
1570,4.711087062852989
1571,21.640027978870712
1572,16.827388314682896
1573,40.58487067271234
1574,-1.8106590564578202
1575,-3.5356498231492606
1576,-2.248191942029205
1577,-13.380813831684897
1578,-3.3250094392174248
1579,-2.0089720736750514
1580,-0.34545517963769945
1581,20.80198047736631
1582,18.624126189545
1583,23.02847890523821
1584,2.4792488457735318
1585,-6.621894409083105
1586,7.903741526999795
1587,19.311645766595216
1588,18.96684367603001
1589,3.297309349433301
1590,-37.97593620355512
1591,9.239836772987175
1592,5.564451307492018
1593,6.861964882039113
1594,20.18815812211147
1595,9.249742700148284
1596,16.18317224751325
1597,19.126601785872577
1598,24.846089352819437
1599,23.014332401760125
1600,41.14552699668419
1601,-6.7493142938010235
1602,29.72530619111981
1603,-17.952921516666642
1604,15.487744730575455
1605,16.290514854615484
1606,24.048120859519187
1607,19.845331053935634
1608,49.720006028633854
1609,36.81847013615583
1610,48.390796631437325
1611,18.29649231944391
1612,12.387276301075044
1613,79.33975430769208
1614,30.389258897366492
1615,50.28159212637674
1616,2.357090157539612
1617,1.7085619071222422
1618,5.146281464685751
1619,51.775132972198016
1620,16.539012316962015
1621,46.4617930363677
1622,10.985656432916983
1623,53.430444532250625
1624,44.66418755310959
1625,17.310340609066927
1626,29.224383053001393
1627,21.61435933849232
1628,30.101706629519867
1629,-1.6943880030215064
1630,18.951829193686578
1631,-3.818043700031722
1632,30.838950690281
1633,5.158381763265367
1634,33.03447208065696
1635,37.561138597795576
1636,26.87747521043029
1637,13.063461645267829
1638,1.2222730363394618
1639,51.85509197377308
1640,43.585621077455166
1641,1.321656215239562
1642,20.792335244386248
1643,6.964948145038881
1644,32.92250401630086
1645,51.92866592235069
1646,79.8696574098556
1647,42.66063984019052
1648,107.47097553829781
1649,75.91762195232322
1650,79.2322146068398
1651,9.26130629553908
1652,44.91714838559532
1653,30.508057248197954
1654,11.954501568980959
1655,26.513675838001046
1656,42.91891610069996
1657,17.472097932513574
1658,20.94653456663532
1659,-3.7487217195352276
1660,56.44115267178106
1661,59.86161312437861
1662,74.9481549900086
1663,28.73994390749151
1664,16.788326880740154
1665,7.822687504374801
1666,72.11236713452831
1667,20.789211105122
1668,20.493855539733417
1669,-20.384078063756395
1670,29.22322687545017
1671,-5.912093336129889
1672,94.708565868221
1673,82.40900316077851
1674,89.1454441600913
1675,52.74890118910901
1676,67.20952144727612
1677,70.56970751560259
1678,70.94115109735354
1679,31.855278984949866
1680,31.726864528219732
1681,76.3431698662471
1682,13.064201893198307
1683,41.33427170889688
1684,22.398270692756828
1685,147.22827864035014
1686,95.28127150331113
1687,161.19006219692196
1688,77.44429844306242
1689,96.35551789810317
1690,13.692272569931038
1691,74.08387505266377
1692,23.672063569562347
1693,78.76455230298724
1694,3.2160338561729542
1695,-11.347081925248423
1696,-6.214872147984778
1697,34.998238889836166
1698,92.97530563376483
1699,15.992375739420863
1700,66.39980336128869
1701,59.09613422292554
1702,95.65363857772928
1703,45.551324332364636
1704,106.51234290360155
1705,108.69854680155402
1706,122.71219565224123
1707,70.43220087207888
1708,46.58644747593535
1709,55.612385330509746
1710,54.51422719631687
1711,115.13877537871525
1712,51.003728955503504
1713,77.31365577389873
1714,59.288390711053864
1715,74.32898291912868
1716,55.519615611372096
1717,26.03753965101983
1718,90.281738303377
1719,70.0069447343126
1720,94.73949414308832
1721,32.96828335430178
1722,99.46996300251519
1723,34.463188194675055
1724,134.4166212881484
1725,23.206063035818293
1726,45.50128945232385
1727,5.685317947288042
1728,120.07097853249252
1729,23.51093123634785
1730,162.68418764162266
1731,55.455353931511624
1732,134.71193961085174
1733,77.09425812411719
1734,149.649734723321
1735,43.04241522258442
1736,90.8505869169744
1737,14.698816143511008
1738,83.4900604888836
1739,16.438766922725623
1740,59.41600658049828
1741,65.03087214880044
1742,41.71748831090874
1743,-20.747097453169815
1744,50.096183898879424
1745,94.67187750261921
1746,80.58648818472463
1747,61.70238531492618
1748,128.38175782541416
1749,135.6986088173621
1750,80.54550617067913
1751,126.62211651813762
1752,106.96179628149407
1753,107.73444408740093
1754,97.33300885906984
1755,131.785069711852
1756,36.5378518619947
1757,122.83386778245699
1758,78.56014978068413
1759,187.29711176788098
1760,84.2954225624454
1761,57.620607068826466
1762,125.25642050709108
1763,102.51430987628922
1764,104.05731625631216
1765,99.5267302773025
1766,171.42494234897217
1767,46.55526226855268
1768,52.75930238170323
1769,17.10360040763009
1770,77.92162113410951
1771,116.2157164750256
1772,121.01613027063739
1773,104.67874691426363
1774,123.49592339019561
1775,100.80830192380077
1776,85.77498939878024
1777,42.050798454492835
1778,65.69247507064051
1779,74.23306005256386
1780,8.996896666427272
1781,74.97747947612415
1782,55.884332765818165
1783,75.72503959625412
1784,91.06491519146189
1785,158.2688247615275
1786,26.78939151081543
1787,71.11731384381395
1788,78.86231872384438
1789,65.7676511421995
1790,76.45607831874297
1791,89.39274918323206
1792,3.361868782306751
1793,65.49388137412417
1794,76.3765340069862
1795,99.71544470002755
1796,122.62461990480377
1797,79.87763321236223
1798,77.63683453879011
1799,92.33213580278243
1800,39.196423775512265
1801,71.11582294919658
1802,131.7570200496936
1803,63.78103710169189
1804,159.2416100317096
1805,45.23215599303966
1806,45.70182646571797
1807,117.71734998454902
1808,52.70111962994968
1809,69.9225021068805
1810,30.80085979847429
1811,58.47435243230103
1812,18.66506271441747
1813,116.11230786551694
1814,100.71786801043952
1815,10.50009927949071
1816,38.44563007324672
1817,78.16008365705736
1818,85.42448457421665
1819,108.45589946295611
1820,24.304836498777814
1821,93.33398283586153
1822,108.95595251276127
1823,21.74210260872959
1824,44.215276449764055
1825,108.8818439511021
1826,55.48735788487504
1827,97.72407953680042
1828,153.34725768317927
1829,147.0307864483353
1830,155.35874044494614
1831,66.60199405231664
1832,79.18644384955886
1833,41.22142193494483
1834,63.85844703072029
1835,52.725511980919364
1836,45.64096805912619
1837,31.164165073451898
1838,83.69602766854442
1839,50.5465008449216
1840,143.94554537946476
1841,116.82302127843563
1842,104.93175569484612
1843,14.069220323897753
1844,119.76534962534333
1845,53.77525555097382
1846,124.49893343574742
1847,80.02591666033857
1848,90.18634273159235
1849,72.90600753755574
1850,90.9756251278419
1851,17.367891853495752
1852,70.12967503697995
1853,80.98367961194162
1854,101.39516273665991
1855,81.06693391628464
1856,94.92514388323926
1857,66.75745478920072
1858,119.14364067424265
1859,30.004253511687022
1860,32.675950736509314
1861,81.37648774727695
1862,66.2395104974254
1863,104.5754001421178
1864,123.59569156573036
1865,89.26713826742034
1866,103.80498484922516
1867,191.36619668501268
1868,134.77759924718848
1869,136.58624462420838
1870,76.68739387895481
1871,166.35365380396112
1872,76.83631410950535
1873,108.89601419788329
1874,55.5267345347479
1875,83.58270342749414
1876,52.144352679077464
1877,112.55396273914717
1878,82.74700224448424
1879,93.91021216400891
1880,130.1006824143945
1881,132.0909028056579
1882,150.0272679206831
1883,169.42928020948918
1884,86.82044463430023
1885,116.5244654399503
1886,54.34448838076203
1887,63.46734585850476
1888,122.60280048110239
1889,152.80301720716793
1890,90.87281562142917
1891,12.987926398777828
1892,95.84086785887493
1893,158.0172539482207
1894,44.163339141922016
1895,33.99613307977586
1896,64.1095960198679
1897,126.32516235401975
1898,122.57851124463916
1899,99.22111209644436
1900,117.72658351796208
1901,62.82273754596243
1902,118.23822395096543
1903,63.74020180479409
1904,40.18617832813205
1905,27.384182024867705
1906,129.07448623547234
1907,102.18336924155487
1908,117.3853704476921
1909,107.51062840734238
1910,148.61295708143885
1911,147.40191431449452
1912,64.41616527474038
1913,53.61669380395801
1914,41.802778171632546
1915,73.17824448875824
1916,70.91554169175228
1917,34.37060217110671
1918,118.8261709240504
1919,105.54677515629994
1920,109.4832889986922
1921,114.6551519300318
1922,90.6664656471316
1923,89.16677450338493
1924,96.44095347238513
1925,111.37252487481443
1926,72.95114922938869
1927,94.96707758320115
1928,69.3188994550595
1929,131.04890282671508
1930,87.66323502525198
1931,35.6588056375056
1932,142.8234919728312
1933,221.62016898689075
1934,69.61886246028463
1935,132.41526785876894
1936,114.93534213778238
1937,100.91942153656387
1938,69.9450897472053
1939,26.05455180829364
1940,112.89530730216904
1941,125.87311147500473
1942,131.78766692203456
1943,96.75928301989488
1944,125.68190475624392
1945,89.18963652653873
1946,210.1635594577102
1947,92.43052149452548
1948,107.9094572743778
1949,88.06119805465727
1950,53.60130413448323
1951,75.03947983166252
1952,76.05769394087595
1953,78.3253397835293
1954,45.94409202014261
1955,143.4792339861145
1956,82.02370336239078
1957,116.8801736555241
1958,155.57201248396436
1959,174.01910166068353
1960,157.71518321451367
1961,116.4896637294756
1962,66.45724469660071
1963,136.98017986127
1964,96.10506887385111
1965,77.55493347562116
1966,96.00853226292777
1967,49.41431422323903
1968,75.31608233568804
1969,119.30102106053697
1970,89.17009570164123
1971,89.05745634925668
1972,57.96028419617591
1973,103.09360171964435
1974,80.53857708293047
1975,159.22338691008648
1976,121.7630989852754
1977,175.89775973096476
1978,127.45822685288174
1979,104.80280304765681
1980,137.11967209264876
1981,144.4622134136988
1982,58.707584826658774
1983,164.3600724782682
1984,35.82145233844393
1985,102.8329583460356
1986,96.70462168044976
1987,28.43118530424287
1988,106.69478939462147
1989,83.55790698549767
1990,137.26862686993198
1991,87.71471957008004
1992,125.70329029641654
1993,41.08503163549076
1994,59.227148819106255
1995,90.2880092941549
1996,109.79530985639092
1997,165.7773540903865
1998,238.65584543336328
1999,99.00326342086477
2000,65.63615568538388
2001,151.67219955102829
2002,111.64611472874252
2003,72.41722719207668
2004,105.34751232922268
2005,93.4146587647037
2006,90.06531216983561
2007,126.12691201351214
2008,58.01615515126861
2009,189.14230132368948
2010,123.44252147458224
2011,90.41641735056167
2012,133.49986396975152
2013,77.18862033563235
2014,127.82271431129827
2015,165.6614892444077
2016,48.89167537110666
2017,86.18165672287535
2018,118.16116585435147
2019,41.75284630115765
2020,67.70957022230101
2021,65.77659710288056
2022,146.81531793361702
2023,128.2200007578667
2024,129.92765148998168
2025,86.33369190892755
2026,143.52484032968945
2027,143.1988600681848
2028,151.94084791341677
2029,169.4677634442652
2030,95.35416426732976
2031,94.5278955049647
2032,69.88273327755887
2033,144.6042472679881
2034,47.25171825348862
2035,187.5971680179326
2036,99.61846722536859
2037,109.40182343757841
2038,7.789623760248113
2039,86.2344657823166
2040,51.92864289865302
2041,118.17824969399057
2042,84.6102155150178
2043,213.03874307166333
2044,48.34780154329282
2045,145.32119066840724
2046,43.22148595407236
2047,94.71767207178748
2048,123.35151415553293
2049,106.93956594589554
2050,49.64536914549981
2051,60.243454002259966
2052,104.71658305292301
2053,85.91793342884509
2054,151.89047014234862
2055,111.28792176208314
2056,63.3966163554756
2057,117.38483494605491
2058,91.66411667846631
2059,82.2849792371344
2060,100.90765879034741
2061,98.82189709256181
2062,125.92758707327545
2063,109.16118143183748
2064,39.066486253295075
2065,80.93163060544087
2066,121.92864404890649
2067,50.58393523614928
2068,171.14870675140824
2069,82.33945204944577
2070,92.34045806977424
2071,121.13479757178307
2072,45.00139901047902
2073,79.85989908108847
2074,209.42822499493553
2075,136.5168785622578
2076,103.47474312302423
2077,132.8903243163719
2078,84.39503961092917
2079,107.87794231861044
2080,99.28882852087484
2081,120.36786056313525
2082,112.19976817675372
2083,162.8102005218654
2084,75.37375563457093
2085,85.97281357676015
2086,123.05701202689448
2087,141.46405874260685
2088,218.6380874500504
2089,76.17797858696385
2090,110.90609398589966
2091,95.7369509286394
2092,70.25793396345317
2093,75.90313298920947
2094,120.39708203525413
2095,138.08540932894834
2096,149.20678653917915
2097,116.66682159752112
2098,149.4174574082665
2099,90.36415797544514
2100,180.8621984846632
2101,162.2764654062282
2102,103.56629603075008
2103,129.84833583062314
2104,94.13051965909207
2105,82.3423632330487
2106,178.50144899515956
2107,95.81140399415553
2108,190.16908114916285
2109,128.49517124470907
2110,139.27048840121395
2111,95.30859541125909
2112,130.09588628348567
2113,129.84237989373392
2114,153.60677051397624
2115,112.16615101927596
2116,121.5279535758487
2117,93.12679593770802
2118,110.15233344974253
2119,192.25010794302045
2120,56.320916642147544
2121,79.65687220377806
2122,89.98700989705328
2123,127.62047174038734
2124,45.53627284996076
2125,88.78189318510074
2126,137.68687154865032
2127,57.24778053126667
2128,109.74673531493471
2129,121.87601763031915
2130,97.54906343025095
2131,55.334566142139884
2132,97.03038472672094
2133,81.1934026960045
2134,93.54295270878488
2135,94.21299648309308
2136,100.15643410951039
2137,84.36399346563107
2138,90.44738653505065
2139,119.93324168125844
2140,65.12192039741716
2141,123.19392744054325
2142,85.82084273101192
2143,49.382676108486024
2144,76.98629878859096
2145,78.92331692557175
2146,46.96984266617744
2147,114.08977153216091
2148,84.71739155924818
2149,61.89781410967047
2150,101.95559786353094
2151,62.96861985548994
2152,78.63654684512406
2153,108.58454689887212
2154,88.72923556587783
2155,129.36497585611252
2156,44.80516998562504
2157,79.42308225755397
2158,73.74523326812853
2159,127.6815815675857
2160,64.29537982645452
2161,111.6024903959518
2162,44.723017362616226
2163,85.69706756239131
2164,67.01372756885186
2165,98.34291061531606
2166,53.12290732356523
2167,81.30523884218023
2168,60.908630000607936
2169,58.47269418205928
2170,64.57180740467005
2171,85.37089913886437
2172,50.76887152503021
2173,82.85203417938195
2174,67.49966808787273
2175,81.50657621446338
2176,70.18323284137193
2177,43.44113945926528
2178,61.66093014552148
2179,49.56949707932738
2180,56.721056071443165
2181,73.99791608404954
2182,49.94890467728271
2183,50.2704817913659
2184,59.062445197157196
2185,69.43048933573093
2186,80.09556780041929
2187,45.23046781344587
2188,49.749765902154316
2189,54.107813029686575
2190,46.13615095634209
2191,88.46424186564232
2192,57.774779760650006
2193,77.88284493244066
2194,87.13204995888266
2195,44.878649834080456
2196,54.343403746415795
2197,67.55114206188448
2198,28.933189968481486
2199,84.69743215356735
2200,61.49354610305944
2201,22.618942295421085
2202,66.93693958396092
2203,46.7075572714292
2204,36.5758467486725
2205,66.873003208219
2206,70.2728669863233
2207,79.63494462822683
2208,56.576167259626125
2209,35.15866981806476
2210,22.723901312049634
2211,43.249624978870685
2212,53.25783498854178
2213,76.24377749013061
2214,48.5255148604422
2215,56.08394089835329
2216,62.06809306180719
2217,42.81135597226316
2218,73.095079004046
2219,64.66279426687099
2220,56.28384542511288
2221,34.25174370691129
2222,17.998713043038208
2223,19.668051747220726
2224,58.194423852823995
2225,29.253634420848343
2226,65.80853897818231
2227,65.98651956074623
2228,48.56434840310907
2229,61.74051323305712
2230,43.193873631586335
2231,43.30678388603039
2232,67.29234270267882
2233,58.94743938057556
2234,47.84463650326785
2235,38.887237320991936
2236,31.003177116594728
2237,40.275422874949406
2238,54.29201997679569
2239,44.24062555639585
2240,53.26928546155066
2241,52.55791463809322
2242,50.57477614923372
2243,83.29299482148345
2244,34.423728827911305
2245,43.836921853988414
2246,35.42115370159618
2247,48.70930281519812
2248,50.57468266383828
2249,74.63147745220861
2250,48.45326007626715
2251,62.15137060569186
2252,46.09958463895967
2253,41.76263139273814
2254,66.99019287448141
2255,56.074199879517074
2256,64.59873889579883
2257,55.03148969294411
2258,50.559798861047256
2259,60.19601851766308
2260,51.596947754283946
2261,41.19315833875798
2262,61.174459466698806
2263,29.020584937761825
2264,47.148419684695305
2265,28.727297069246095
2266,40.142265057733105
2267,46.28903320033584
2268,50.33255460486239
2269,66.2134178178075
2270,50.71814326109568
2271,57.58652049351462
2272,47.728466903719294
2273,50.32823400967353
2274,40.51721947211542
2275,34.169469792859154
2276,53.04243310029291
2277,22.9947769901658
2278,23.502380318993858
2279,60.835081301648025
2280,44.77359114117651
2281,60.81470768129603
2282,79.51532913991552
2283,50.48379878269315
2284,69.77195815797954
2285,77.6627300824336
2286,16.452320513992508
2287,40.63189186409129
2288,7.68879217583904
2289,7.97505126340311
2290,51.298416460141
2291,47.606624259905736
2292,55.08407944884852
2293,77.67593010304115
2294,26.426230327067405
2295,58.90940841589207
2296,40.53782400125559
2297,48.46618247228249
2298,50.291131142690574
2299,43.71721282021358
2300,26.8302048881536
2301,21.31393384906931
2302,21.97046666420195
2303,25.21581711146792
2304,53.81526302756129
2305,64.37290482955221
2306,60.184307595228255
2307,66.39029682741112
2308,45.90578187634836
2309,53.12492782373547
2310,26.27915180872502
2311,38.98373389224397
2312,24.64177598627875
2313,35.916865894908334
2314,31.533611004667012
2315,64.80769971026476
2316,53.43827286993803
2317,50.34799112853125
2318,36.707241028040634
2319,27.475610456577005
2320,19.60411170231157
2321,29.883533625511614
2322,51.05876897998862
2323,39.9808265275503
2324,49.23555284121172
2325,26.456167990506646
2326,32.646086983523205
2327,41.281841097858944
2328,71.08283236353887
2329,50.32329312827167
2330,57.718947812995026
2331,35.44652359230115
2332,38.75236601390527
2333,26.84370014851401
2334,31.056757411113963
2335,30.060472848560313
2336,27.42211128301734
2337,7.263830629644115
2338,23.149624872635776
2339,22.609364118168706
2340,71.53198726272207
2341,72.69093964960446
2342,74.47944610821312
2343,32.97678212329678
2344,3.842279182098608
2345,11.46638670101822
2346,33.45750702932992
2347,38.79123727304774
2348,62.10568129613145
2349,41.82297598751024
2350,17.834638705095973
2351,31.712686046333378
2352,52.26580725815158
2353,58.727849432481406
2354,61.05837458138518
2355,53.85843453159055
2356,23.576242234521246
2357,12.789744378350411
2358,25.142115049931732
2359,13.624510556244635
2360,20.031531117249433
2361,44.398015800402376
2362,36.75513927630408
2363,49.52522355226203
2364,43.94399060374139
2365,61.16376638433531
2366,75.0386711218725
2367,52.055224169155345
2368,33.59018683601014
2369,30.379697963438606
2370,-6.67607265151801
2371,18.36957323379409
2372,49.61849011879124
2373,53.35966615890116
2374,65.35799329781061
2375,41.680274687669
2376,41.95704393574791
2377,42.01824892578984
2378,33.052051397832585
2379,47.12822647216829
2380,45.3193516778591
2381,9.570059784532488
2382,19.220282477665922
2383,28.00916768215893
2384,16.92589931381513
2385,30.184163336818816
2386,32.05356203293789
2387,65.1106553361317
2388,62.56657410970854
2389,51.87383185951143
2390,45.68045315889222
2391,52.79077355912371
2392,37.20549860799139
2393,32.75851926822748
2394,38.91886767880633
2395,26.92470896542904
2396,42.882203593245386
2397,61.65044934840691
2398,51.65689084939516
2399,52.844277358369084
2400,57.026694017823274
2401,30.775652689229062
2402,36.00539122744973
2403,39.155449414358735
2404,39.81256536404707
2405,46.0228404980306
2406,53.54838013011654
2407,35.76828135231374
2408,54.70467695078588
2409,58.751648915963834
2410,52.44234276006869
2411,44.87898269220251
2412,45.893775122538464
2413,50.263041814712516
2414,53.1603095602305
2415,48.60872685216038
2416,58.20540461658981
2417,60.97032259030657
2418,65.04278182880826
2419,54.72633840428489
2420,48.29056946185654
2421,56.16055270051573
2422,68.46236302704607
2423,40.316957406201546
2424,47.61135774917446
2425,23.592298909489877
2426,20.791566911215444
2427,20.09175911143146
2428,49.513811819062006
2429,44.69984615608556
2430,63.34761580675637
2431,64.28756064080238
2432,77.69877266927679
2433,66.59097827144699
2434,48.58497443692874
2435,34.53368583633822
2436,49.289250286335175
2437,59.77553621844211
2438,25.161056146310067
2439,29.652552344000245
2440,52.62719263891033
2441,53.70647693477059
2442,76.16752718109909
2443,61.234955283485185
2444,80.95071313526358
2445,33.510661652990656
2446,43.94864832489505
2447,56.30876637697867
2448,37.07865286897619
2449,44.89361355778576
2450,15.828095387104353
2451,11.438707245670544
2452,30.296765708860775
2453,59.280570543364085
2454,96.95760217973948
2455,65.20904088761094
2456,69.94745988754491
2457,57.44099723784543
2458,69.08180284630892
2459,46.099621688786364
2460,46.29196026473871
2461,20.52152463801882
2462,48.257574574085886
2463,45.38347667500602
2464,27.729675213805038
2465,55.40492830166783
2466,62.58542170370046
2467,59.13956429329745
2468,62.65862534488631
2469,73.21117716161085
2470,47.66744681823304
2471,54.69194469093095
2472,35.87499649998742
2473,57.346984774878855
2474,45.23586955887734
2475,43.84601090905534
2476,37.991914746434055
2477,27.50365045785112
2478,44.11794972573831
2479,70.425466307444
2480,79.1900428660793
2481,63.51976984505763
2482,66.56782930466652
2483,35.29167970009314
2484,52.67051890572233
2485,49.44852698801506
2486,36.22950401725287
2487,72.27573741108897
2488,54.98778946429979
2489,35.24549369523971
2490,55.28329470313835
2491,11.97672461343285
2492,44.27925133662668
2493,52.50416341307955
2494,68.23010082353358
2495,54.596534407904024
2496,63.924358556645835
2497,66.19219336869811
2498,69.43984671497236
2499,77.06426015843984
2500,54.54456201917324
2501,44.63165753601325
2502,25.061625863935305
2503,39.02402758998702
2504,65.92617745405056
2505,71.01325887367197
2506,64.49585720866658
2507,55.85380623854359
2508,34.435450905255145
2509,60.47066282235318
2510,59.530167753988074
2511,68.4761885428601
2512,46.120530687095155
2513,44.97434507841939
2514,47.932959028782555
2515,50.35784337121506
2516,42.78772323834419
2517,64.77168905660334
2518,72.14277084392815
2519,85.17473122434369
2520,60.02135865836178
2521,80.4113407627391
2522,65.60564655298224
2523,55.28133149620868
2524,70.28389713832573
2525,61.308022299601625
2526,49.60214131671702
2527,48.987209078171965
2528,30.67440145347921
2529,62.461231558264615
2530,68.49901566899219
2531,62.49884936768971
2532,55.780126581683824
2533,43.41047941522115
2534,31.50051513287785
2535,63.72181149523342
2536,59.245468447223594
2537,54.97567401748213
2538,59.385792576012484
2539,91.7200196771176
2540,71.60328990965142
2541,80.08279774387573
2542,81.54261426971378
2543,59.42274988140952
2544,58.67305318472474
2545,65.2258802822268
2546,66.70900177642962
2547,84.44436916982932
2548,79.92520092549334
2549,89.10044781619969
2550,74.94290312225375
2551,43.13634460575134
2552,53.094186935181625
2553,48.73235089836003
2554,60.52211526090775
2555,59.384998302187455
2556,72.22483634207481
2557,49.97504958231263
2558,58.82785889616502
2559,61.25060820636921
2560,100.67561990913282
2561,90.1845572849375
2562,103.26604154811966
2563,99.62680607903984
2564,106.73982548369908
2565,80.17924756279288
2566,66.97573083199107
2567,80.0207850752195
2568,65.00609506627725
2569,56.14442642715551
2570,61.74654025478213
2571,74.65527519440893
2572,104.5827060824057
2573,100.52703092847702
2574,99.00684512760813
2575,63.55241954758259
2576,56.0199021459242
2577,39.557131242009376
2578,72.30269735828804
2579,129.31032285805287
2580,34.01655171866989
2581,177.17852762064953
2582,169.55649236673685
2583,157.59717232547914
2584,136.50846650382456
2585,186.43536824869602
2586,164.77368284576534
2587,107.47359824730069
2588,111.87729393751641
2589,179.85317873047902
2590,35.5953135222797
2591,125.9693732060094
2592,104.95236190572858
2593,131.27873075954014
2594,115.69883469554647
2595,110.18292788337281
2596,49.84664129644121
2597,113.15331757613755
2598,57.873577817034764
2599,145.82385602242135
2600,114.76849901816462
2601,79.66387922635992
2602,66.74945853601164
2603,72.21013485703692
2604,106.23456957274058
2605,199.47114017857518
2606,143.26429234893354
2607,320.9280659538343
2608,333.5309312678544
2609,62.03635936957114
2610,7.675382944585697
2611,123.88114746112262
2612,111.35264439585579
2613,41.25336311857699
2614,70.93588043250948
2615,114.76072014547498
2616,160.0349456733653
2617,197.12080283021146
2618,114.20177730291512
2619,127.64838451407218
2620,168.86804345471626
2621,112.42654409970834
2622,15.630302087321219
2623,20.215692617406724
2624,65.31468280110407
2625,106.01562209265641
2626,137.40410240605988
2627,258.03755186882955
2628,152.84819149439483
2629,165.93027341066548
2630,164.31143302032535
2631,114.94565798754945
2632,123.6520463371707
2633,113.41296336873086
2634,31.842413603752565
2635,46.952558816925645
2636,52.2001008758547
2637,94.75556027292444
2638,139.47913156381782
2639,126.75466337608242
2640,177.21232024520538
2641,99.93816555027456
2642,98.51743555375053
2643,68.63821735504249
2644,15.927138078326346
2645,6.937727537632251
2646,59.60929610877965
2647,92.72589691391902
2648,183.76509606048276
2649,189.00461562943443
2650,217.13445409519085
2651,208.53832407101106
2652,224.90763576091865
2653,185.54339507896825
2654,188.81612550123157
2655,82.31962630040816
2656,43.06041501345341
2657,49.1460854583015
2658,52.88226937125269
2659,109.11838497584284
2660,119.81683105516832
2661,121.2326172882032
2662,113.10111596580812
2663,96.47726993798811
2664,70.90176720884016
2665,22.10021941784758
2666,67.4137558485099
2667,67.41504210689887
2668,152.5243645218982
2669,582.3934311537151
2670,606.0879522236286
2671,553.4080359920878
2672,379.3386451572635
2673,177.95783788351
2674,121.91263938903602
2675,118.30915678970695
2676,101.11076562925015
2677,88.30252980458
2678,57.866371445865205
2679,59.19895576355669
2680,248.75605031071782
2681,324.9637123508823
2682,191.85649321034523
2683,181.50240813252196
2684,128.41500538156092
2685,87.77262766722518
2686,34.27948428524851
2687,-13.955080975689512
2688,3.7601963523585447
2689,24.367894728146048
2690,78.83908418018675
2691,591.1538008573514
2692,650.9238927630237
2693,668.6168151329844
2694,587.702210048289
2695,167.78940116369375
2696,76.45053806968819
2697,91.98431132103278
2698,39.0365130133089
2699,9.823090162743402
2700,13.52345925991497
2701,1.783469593653342
2702,289.21308643204026
2703,675.1231158066537
2704,667.5202767205282
2705,621.1144933012965
2706,171.16635218432597
2707,77.50241959357164
2708,48.96839082277305
2709,27.833486775431876
2710,27.246950890183136
2711,32.12869876918202
2712,29.291832611853508
2713,88.16849945404327
2714,111.08989909634151
2715,192.95135712335102
2716,691.3517372269789
2717,665.6456162570623
2718,679.3612098852453
2719,472.6454544670324
2720,80.43756675536802
2721,15.15801972825213
2722,288.3982227730344
2723,3.8960792832164213
2724,217.3062897414685
2725,80.75828375630101
2726,300.88990385654387
2727,771.9652025544216
2728,716.1876313500424
2729,759.5194108461804
2730,696.7676963109855
2731,191.60745457455482
2732,-18.505353027815676
2733,29.868178947111947
2734,19.906639200047223
2735,168.3061570991491
2736,252.86089549936943
2737,124.70160025677274
2738,204.1931367562657
2739,135.94169223100877
2740,189.97202752285185
2741,730.2781396338689
2742,742.6768202486554
2743,736.9816331697754
2744,531.4898412744841
2745,85.59198580641781
2746,-3.7733732950144634
2747,465.3366361384494
2748,233.4453169933
2749,239.54790237654768
2750,224.81995859771618
2751,255.26046534769287
2752,858.1990468970463
2753,759.1165798683426
2754,847.2434884474261
2755,761.114685969713
2756,178.44899065445955
2757,-28.989400286351348
2758,269.40475803663674
2759,234.56958682486402
2760,327.75445144674455
2761,609.4914343651657
2762,120.8837851198275
2763,415.8310500556528
2764,541.5715175629001
2765,227.91654515947945
2766,908.4045366226524
2767,795.1874631876517
2768,900.00884625357
2769,517.2382548639711
2770,18.82456554712575
2771,29.69729625660593
2772,660.1940520796808
2773,127.35367467833817
2774,328.9155061985904
2775,259.192036516404
2776,304.28962051917995
2777,919.2991574761819
2778,795.6094317557718
2779,948.2065845981921
2780,607.2058154884145
2781,37.219083452670695
2782,69.12348472454583
2783,636.3368469316321
2784,167.37221109217626
2785,680.7456803880959
2786,767.1268088262118
2787,46.152267263397405
2788,583.9923629883735
2789,478.39159227162037
2790,339.08737238652384
2791,968.90385557232
2792,804.9655693684189
2793,916.9057052080219
2794,403.0911295968719
2795,-38.66357597127188
2796,124.11424077039287
2797,799.6809955199774
2798,62.680154960788165
2799,557.29605937181
2800,292.6320143126301
2801,345.1161824186372
2802,975.9463810904713
2803,842.0690263649793
2804,939.265181847748
2805,805.6913257782544
2806,145.34834286033797
2807,12.338039477177446
2808,475.608346178501
2809,292.064565323226
2810,609.5978818162308
2811,911.9637810503806
2812,192.19279818611554
2813,315.55639402355905
2814,441.9729223707654
2815,3.475770946189356
2816,789.154194135347
2817,853.9026342627884
2818,928.6684325883473
2819,538.5905685716673
2820,321.05412251773356
2821,178.50832498402863
2822,727.2973090882095
2823,429.74212806978403
2824,443.43501522642197
2825,509.72865177789214
2826,184.53686670372556
2827,993.3806980571508
2828,878.2432411951297
2829,937.447210549568
2830,1009.6698888857536
2831,627.4518386501626
2832,271.8222097138686
2833,423.10811322148925
2834,-41.01530059189993
2835,626.4162786308486
2836,886.383681093829
2837,137.39006366724865
2838,455.9381370555141
2839,413.69371507043985
2840,42.88822635848743
2841,981.8458088058161
2842,606.8620121112896
2843,891.545970707106
2844,916.0240695335311
2845,1009.2584834079371
2846,322.15722864419735
2847,617.0904414848679
2848,187.85117996070252
2849,719.5924655172353
2850,251.55568077202042
2851,471.63068585767655
2852,338.61435065294023
2853,495.6889951454666
2854,1016.2566756666588
2855,888.8904302843695
2856,935.3325499950165
2857,1029.3134897307743
2858,682.608582635253
2859,293.87261391984805
2860,332.07308436923927
2861,-25.69561750829197
2862,84.65567385529349
2863,515.4059755912491
2864,307.50918966468447
2865,446.9681937516528
2866,697.9856150675454
2867,308.48456631448875
2868,1024.4920714393133
2869,895.1777934965776
2870,915.47570178762
2871,986.8925477894014
2872,658.2954618998697
2873,293.30373984217067
2874,758.079703615599
2875,-3.458443018146023
2876,336.9301631164724
2877,125.17095678729204
2878,220.40846359357718
2879,465.13967591009276
2880,960.1078949116009
2881,770.0953400214956
2882,911.3000200484557
2883,813.7067765272778
2884,933.2766803341946
2885,590.7147371636611
2886,28.572993418572793
2887,35.137590744640605
2888,280.9837279851313
2889,70.7343700202908
2890,575.7099099884118
2891,623.6453532430345
2892,408.1892945758867
2893,666.0302362264289
2894,905.9310531279992
2895,699.0183993553336
2896,694.7719071583892
2897,800.0644566204802
2898,845.9109157037182
2899,546.4041451657254
2900,643.5443032903729
2901,70.49587123623962
2902,121.71803192613031
2903,237.42548649255582
2904,370.9197021377219
2905,339.13737827584265
2906,802.0249699373094
2907,399.70717862134427
2908,892.5278552536768
2909,830.6102478400543
2910,851.9596240383736
2911,922.3043591840052
2912,403.0953816984759
2913,-9.214468487359932
2914,90.51416648393685
2915,26.049841691073087
2916,621.0046785025734
2917,521.6095906882914
2918,578.9154517304229
2919,398.4801411770927
2920,517.098962190733
2921,777.6359253316218
2922,338.8112817588998
2923,893.8577242882498
2924,797.9040616055158
2925,915.0509330580599
2926,292.125457346617
2927,285.2492382572213
2928,42.15771724161221
2929,626.8210451181618
2930,171.1799953718525
2931,730.8603242080326
2932,337.15832272966344
2933,609.7449878521364
2934,949.7745570979008
2935,873.1851516550491
2936,873.420675291509
2937,914.3428475817669
2938,537.5075027698111
2939,-5.7889980196638495
2940,-1.1960480468223835
2941,190.1090171718282
2942,660.6268616324843
2943,688.4443503836268
2944,557.1927457469151
2945,547.1687147306297
2946,456.2902992188035
2947,623.8724618691169
2948,959.7180626257123
2949,769.8459345821386
2950,952.1742272035309
2951,530.153692955494
2952,266.11811698852847
2953,170.2650907974863
2954,99.91311874260482
2955,112.54919757972033
2956,829.5187205767678
2957,244.95307952136906
2958,587.0279900296828
2959,654.3971852869181
2960,569.2347288167584
2961,915.0032588137879
2962,771.7777692743806
2963,894.8661248757367
2964,703.3027251026986
2965,52.386948192465695
2966,84.64834167303847
2967,61.914146951368515
2968,280.7723200575469
2969,742.693237373718
2970,599.5393137847999
2971,202.7740599818776
2972,276.6554577432897
2973,847.8523991185965
2974,830.176121806923
2975,820.5446655391706
2976,897.2108252790985
2977,619.9394490198039
2978,741.3420533753718
2979,169.08050093110032
2980,161.54770232988605
2981,95.99947175416737
2982,726.2381654256253
2983,128.86754577689754
2984,659.0494414324888
2985,249.98226524791264
2986,651.4415973704693
2987,887.2298725598056
2988,809.5791128103197
2989,868.7063033067615
2990,785.4444862574389
2991,77.53076426848759
2992,68.93397008106675
2993,-10.35580654221464
2994,463.37622528452295
2995,701.6940591387547
2996,483.5189120466887
2997,336.51359181686195
2998,81.61126297304965
2999,805.7556550762617
3000,856.451846758899
3001,805.8620957896767
3002,917.8354938363537
3003,572.9084673410817
3004,489.50280915396394
3005,319.1921562123402
3006,99.23683198519188
3007,76.41417008475847
3008,632.7159494992572
3009,246.21764644547898
3010,428.05116336794805
3011,557.3164068790414
3012,609.4685353176168
3013,894.4698931953794
3014,780.4786580782516
3015,828.6790509378653
3016,760.1737920372539
3017,123.09225807253667
3018,43.27534253455337
3019,22.865711232205868
3020,242.71081457363837
3021,768.2378837881361
3022,453.3245319305791
3023,461.165133709366
3024,127.64089509102318
3025,714.584909042969
3026,815.7543219702546
3027,804.1843894700828
3028,775.8443155680189
3029,830.9170541483096
3030,360.35299696187883
3031,21.571521562307733
3032,1.9323993177506382
3033,278.8702119187123
3034,498.68249226199237
3035,420.59476646531465
3036,412.3489006792715
3037,423.382333951502
3038,809.2258884845309
3039,782.5761475060157
3040,746.2195762949859
3041,832.8111171236665
3042,510.05028387428075
3043,-14.061507247719353
3044,66.95483110153081
3045,113.31947728867887
3046,622.7565474921659
3047,678.5738445723871
3048,613.0621345173757
3049,284.62825833121553
3050,39.17296765925858
3051,546.2218503972846
3052,807.5014340094873
3053,736.8251174953372
3054,772.8493330351748
3055,765.1115441883633
3056,165.5244590071921
3057,152.2558278198112
3058,113.24153558011695
3059,301.1441446207281
3060,435.92774223169357
3061,391.92084910853515
3062,140.88708620831196
3063,412.76310856258215
3064,665.8272904654352
3065,765.5735753225157
3066,731.2949522584867
3067,816.0567376217228
3068,309.0260824333369
3069,9.906349647400981
3070,56.46208779291616
3071,270.67376810547563
3072,523.6983470307663
3073,524.5267170599824
3074,357.4950072347821
3075,105.19625498269835
3076,170.42448223031155
3077,726.406292444889
3078,762.6341240405309
3079,719.5864689804126
3080,804.7577842699562
3081,549.5404428897951
3082,158.57345230605608
3083,240.87077357742658
3084,87.33144959372409
3085,175.2867323931291
3086,389.6328007745737
3087,251.84178999375172
3088,240.738033132783
3089,636.777116755114
3090,667.283058912808
3091,741.4470273154333
3092,740.900158346243
3093,637.9185385196173
3094,57.601200990950026
3095,16.44992104709336
3096,45.63765993291738
3097,340.02395722902304
3098,396.8598780467138
3099,466.2856881635839
3100,237.39447552756647
3101,89.53551367715059
3102,503.1564001094137
3103,768.1786053660435
3104,697.0586514578215
3105,685.6906959214062
3106,744.8613354010208
3107,209.43557758614656
3108,174.25591925971196
3109,128.1775526450186
3110,161.78426674795114
3111,179.17153526995318
3112,384.08008852053894
3113,170.37154843712813
3114,439.0590406516597
3115,741.6605452586019
3116,665.1151382792832
3117,662.7146662903557
3118,652.4385463102802
3119,226.9659356455925
3120,-12.516222108482632
3121,35.7590569919444
3122,112.72317727653784
3123,465.7662702380289
3124,355.08846899104464
3125,364.4602360700703
3126,97.9002317024352
3127,396.27372999989143
3128,722.0373258546639
3129,674.802077252888
3130,643.4258858166758
3131,689.5769165165825
3132,435.28866647713494
3133,79.97423566967018
3134,209.35096425065296
3135,145.13659610767817
3136,221.6164589594631
3137,283.0143548847337
3138,337.61496681363195
3139,175.51203822859702
3140,711.0461270828035
3141,608.0275582552435
3142,674.2804855452414
3143,590.2812122606821
3144,310.01295488651505
3145,1.799349591341234
3146,62.43662593756368
3147,47.70501580311384
3148,555.5160325754415
3149,376.13471269638336
3150,441.4099967713653
3151,94.97625388323745
3152,314.44453191080595
3153,642.4738062440152
3154,588.6942596864351
3155,685.3197997234533
3156,627.8364392106788
3157,556.2774332438113
3158,34.08941945754642
3159,167.33211333583597
3160,65.66568625427733
3161,272.79001618598244
3162,194.3753962392186
3163,417.5294847175785
3164,209.64084887393165
3165,540.2079720918331
3166,652.9622150439125
3167,645.0362598091906
3168,544.0075136037586
3169,327.54807327813785
3170,54.11105435455661
3171,85.12535312433235
3172,78.54181165991638
3173,318.54806021642923
3174,472.6476230088638
3175,338.485879742464
3176,154.47550180981915
3177,206.4506644752022
3178,664.466147144029
3179,569.8902974693364
3180,663.7593864411643
3181,598.6539367054919
3182,389.8994627134902
3183,216.6040523416831
3184,93.30795320588163
3185,167.552296078894
3186,161.33632589196614
3187,231.8449787994043
3188,167.12348253390735
3189,426.3934534768072
3190,474.53573906176103
3191,693.3537630896795
3192,624.870150876476
3193,565.3843712519632
3194,91.953013551561
3195,18.043179760596892
3196,-0.8159914091693512
3197,110.41307919359639
3198,290.7957052007071
3199,491.9915792041367
3200,372.83931680925514
3201,127.10405449779023
3202,328.800948835966
3203,477.7580525879415
3204,633.6016571782446
3205,651.4314247538312
3206,596.1516939857452
3207,124.39174247166808
3208,174.54772235918287
3209,23.443651446963152
3210,152.281827570275
3211,247.51974922815168
3212,363.57867778933223
3213,193.77859819978812
3214,554.0717337853724
3215,423.27189391237397
3216,614.0148568406679
3217,455.1738299702394
3218,224.82164119335653
3219,72.66932605351327
3220,-27.301265521518378
3221,-22.24426786644672
3222,169.98951312362874
3223,269.6813316305065
3224,292.57795352485687
3225,435.0875823740766
3226,515.5572331337518
3227,445.18187008110647
3228,615.171084684901
3229,558.9643496230501
3230,393.26572793329086
3231,213.07860737898181
3232,87.61033734781397
3233,18.21414704932374
3234,65.67031027621638
3235,189.74321072448106
3236,174.40693248167213
3237,381.4193298877785
3238,532.8989396476818
3239,559.3666164316534
3240,429.5837604246301
3241,335.7770398757132
3242,163.9312817454546
3243,-31.600524322146956
3244,-23.46529037513322
3245,-7.638287680495357
3246,246.99261529867752
3247,348.06170760999265
3248,308.23686817775337
3249,290.83649877659286
3250,532.6784836178621
3251,436.57994188909066
3252,629.4156028918948
3253,545.9995269173698
3254,348.146325147371
3255,84.2693230444071
3256,-66.27169268882751
3257,13.978790294129292
3258,123.55957935583946
3259,375.03447697154246
3260,492.491617719309
3261,451.8958750710358
3262,242.5828527974618
3263,173.47710588006066
3264,142.72492214432728
3265,138.72688303313294
3266,179.37468904089974
3267,76.35353716288712
3268,105.61329708200559
3269,150.83180159823416
3270,172.14376162587055
3271,236.88879191139222
3272,453.95378584921633
3273,610.7454258084601
3274,513.9783971471448
3275,454.41326227478925
3276,251.20716883157797
3277,135.9326602114144
3278,75.47302341834917
3279,37.051594454495934
3280,59.55684515696098
3281,215.8426523012971
3282,295.040578724584
3283,361.448547299594
3284,341.2884845425847
3285,350.6911178703826
3286,250.22671322287917
3287,154.79335979265986
3288,68.04027086892243
3289,-49.11939620977914
3290,16.782586264336988
3291,58.02234808509716
3292,122.57718629713592
3293,210.3698125351134
3294,410.31594905035746
3295,558.2010090714049
3296,623.4731385398785
3297,552.1302732110556
3298,382.2082049068104
3299,117.54824130143267
3300,2.824602043817092
3301,-54.81371745387237
3302,59.388714644107836
3303,115.83097221331634
3304,283.5387970378298
3305,436.69987902117
3306,348.2839192419721
3307,326.40445334952983
3308,297.2341901845089
3309,156.5849070630043
3310,135.46719878120246
3311,45.28515696314587
3312,-47.73865493016751
3313,-48.13247991463996
3314,-26.146177147388247
3315,7.692245944006138
3316,370.5474200873858
3317,624.4964769610687
3318,605.1617194488188
3319,571.8046598120756
3320,555.5250903412037
3321,152.432043279813
3322,29.791407291977475
3323,147.02302199863556
3324,-20.002004789157986
3325,157.3624286645872
3326,16.284400088679163
3327,123.26231949669433
3328,342.9702117433412
3329,522.9293663161513
3330,427.29341042084843
3331,396.0483183600329
3332,60.99690514998247
3333,-55.84431470912015
3334,-48.419676908655845
3335,-53.93790998152713
3336,0.2216995509382714
3337,150.25295059577323
3338,263.01319777240786
3339,538.3286874079018
3340,457.8323941202134
3341,510.32567874700044
3342,416.0279240464715
3343,279.78999813717076
3344,102.6917860881001
3345,244.82991293139403
3346,-36.31893484854515
3347,56.213499800878566
3348,24.30345438462504
3349,128.4604262411907
3350,292.0898720865319
3351,554.3183944429916
3352,441.10941173980757
3353,400.66746658623015
3354,57.99620998076889
3355,-54.415681769625984
3356,-44.71862864925961
3357,-16.89003979585628
3358,13.05140759086142
3359,198.75952000978708
3360,308.06434729796365
3361,437.39022809679454
3362,535.6213856756311
3363,465.7965977995262
3364,499.22833219381073
3365,320.05056752503106
3366,108.16750790557533
3367,-38.050302312870194
3368,-26.75986301930144
3369,-0.1346722361276648
3370,127.48555436423844
3371,245.85220990537664
3372,475.8996597916043
3373,460.9749433630043
3374,375.9317733668867
3375,158.2940243081728
3376,104.58038754240165
3377,-35.76306365843146
3378,1.4037140396221046
3379,-28.31179877597968
3380,-17.487370355951445
3381,-7.230082307313178
3382,216.98577451827796
3383,435.63708578762044
3384,518.4045394965278
3385,504.3283632095788
3386,509.69496020152184
3387,258.68262161177756
3388,-29.16465930604049
3389,25.165125811080024
3390,-55.304209004325685
3391,76.23658701817469
3392,89.92449023773723
3393,210.87381542236446
3394,186.5917922451339
3395,286.09949997560733
3396,169.3086491905682
3397,206.99764735815177
3398,129.68998865608373
3399,109.79990015924619
3400,10.808298491807555
3401,-3.2586428292913903
3402,-7.1812794606586445
3403,132.50022920940282
3404,365.851834619641
3405,411.69800920552393
3406,482.89667913540717
3407,317.84240388463803
3408,196.47889710109612
3409,-24.23890144953855
3410,76.27582722968451
3411,22.933773757670675
3412,112.87937660979922
3413,158.12977145663478
3414,191.55818622519928
3415,126.6190699205365
3416,152.04173283185966
3417,112.7940575680024
3418,117.03605526451135
3419,174.70797619116604
3420,64.49860405209422
3421,76.94252814080441
3422,-18.80028930554797
3423,7.637852966995438
3424,58.85136710609746
3425,355.24631862233196
3426,381.0502082391866
3427,478.4504134233028
3428,388.32474443460444
3429,194.5398697314582
3430,52.66060768471081
3431,9.602284932221098
3432,62.791073266668214
3433,35.94079831375038
3434,123.09246256447535
3435,70.06636867205277
3436,137.4181535742313
3437,129.10022766725973
3438,151.6948574591979
3439,114.47312656146524
3440,182.78230755848722
3441,120.64840907179145
3442,111.67538057142804
3443,-4.531509197149104
3444,20.98629766080717
3445,9.4204381330024
3446,214.8433323254287
3447,320.1416443713159
3448,380.6621683660314
3449,369.3654215972574
3450,250.52188303790808
3451,72.08301974227007
3452,-21.586963050073894
3453,105.12084028844916
3454,48.19866925851417
3455,180.01482467958036
3456,159.51007363482802
3457,126.78694292331839
3458,87.8929747041177
3459,76.2565250120568
3460,-2.944025491425577
3461,91.80216116178755
3462,39.76304313641645
3463,132.53245217461253
3464,77.08497509492473
3465,44.23983946146282
3466,46.560909350601726
3467,113.62458191977122
3468,311.13054951661485
3469,331.659335735652
3470,406.7686218576259
3471,255.0999741164725
3472,152.05252301699716
3473,-9.898625601771876
3474,20.247373782440633
3475,18.489191610436112
3476,80.88370891848015
3477,151.1254614052552
3478,147.09028090412448
3479,100.16366126033711
3480,158.1406973137483
3481,83.37483848636114
3482,104.9448449063279
3483,115.97020087770987
3484,54.80020415304005
3485,68.11801259370135
3486,-3.961382732506335
3487,7.487491072269077
3488,34.28846726787256
3489,196.3623778484947
3490,290.25666905776313
3491,403.7812865975231
3492,350.13524854303006
3493,224.5094714269247
3494,96.9904428699968
3495,-15.581430481364151
3496,80.27946385193644
3497,14.220248738162015
3498,116.17222643890388
3499,129.35294057188574
3500,70.07270856094264
3501,100.0925938817737
3502,107.44583857747591
3503,86.05139112043457
3504,129.56660085065513
3505,120.0933523280666
3506,97.27279748853982
3507,46.726142441593865
3508,-22.236213039993505
3509,-15.669309626468026
3510,56.97178914774173
3511,191.59714230227792
3512,307.4355807704648
3513,366.17216518875875
3514,284.5081109831838
3515,195.28300435491394
3516,37.942369229847486
3517,-0.35915540865983486
3518,85.80905730623317
3519,25.592165021967908
3520,170.47930479224354
3521,61.84812025687262
3522,65.61735470889955
3523,141.7395797001425
3524,151.93771204021698
3525,152.87956255215155
3526,176.02319526527336
3527,80.207372049959
3528,-1.5024978458822533
3529,-15.15757401198738
3530,-25.402335152940893
3531,13.109321460481922
3532,133.09370478337885
3533,274.49818428926875
3534,359.2565122226003
3535,338.71559024618233
3536,220.51214366506247
3537,154.16844017488887
3538,-10.574994240046212
3539,82.67503488946012
3540,67.45280728969419
3541,8.043709895421431
3542,25.71233584923291
3543,-7.321054059120558
3544,14.98002901515477
3545,177.39069620458176
3546,255.46138512077513
3547,248.88877935651965
3548,215.9214939597276
3549,57.21922521258568
3550,-0.5179890557530851
3551,-15.726009934848193
3552,-21.26397739146778
3553,-13.058509277518517
3554,108.85687749735023
3555,191.21086380643763
3556,325.8795406976358
3557,322.39659243665295
3558,260.4488334838213
3559,202.9057199248036
3560,63.053419948508264
3561,51.72914211027284
3562,49.87358339858567
3563,-12.747952859286217
3564,0.2476749850875327
3565,-28.482176631964105
3566,-8.32748600973366
3567,147.2258005050652
3568,229.46222205814487
3569,244.69781661648463
3570,243.25632721044974
3571,102.35962397554518
3572,9.057618363410132
3573,-16.070802370726145
3574,-8.359320408396792
3575,-3.2337315886469984
3576,63.66938094905595
3577,157.79176337767274
3578,275.8346853207393
3579,281.8281565224964
3580,244.76282295304154
3581,193.6059750487817
3582,72.98126272286528
3583,101.55082411080411
3584,103.68046403896773
3585,-9.659463732878683
3586,7.040560630898625
3587,-23.32804129622969
3588,-26.552477306341476
3589,71.68558716911926
3590,217.1137074812545
3591,228.88837312998723
3592,259.96006488493396
3593,94.24809952290958
3594,14.389498091465617
3595,-9.925140214986635
3596,0.3851631169232277
3597,11.740812282452886
3598,73.53195991390903
3599,144.13126213686056
3600,217.13305188762382
3601,240.451659922198
3602,203.55606841613564
3603,215.8133642210405
3604,131.62394968967524
3605,93.40153133853494
3606,124.0678348665408
3607,3.533675332622588
3608,13.067483668961705
3609,-11.311429062566631
3610,-13.790189926020156
3611,14.743908026302895
3612,162.96077151785983
3613,158.64094150804914
3614,202.51444393437762
3615,114.38439476645472
3616,40.70896501949062
3617,2.3247240600040118
3618,-3.600201052465787
3619,2.3790163433126534
3620,17.8185190872145
3621,87.14697688527406
3622,190.85514429959093
3623,247.41685095519492
3624,228.96102805549694
3625,188.98027017777562
3626,125.50457774654534
3627,80.64031769605025
3628,147.29496496582496
3629,7.936433741423631
3630,15.973178888235
3631,0.17572523752192704
3632,-2.622484968396896
3633,-0.516093004917003
3634,74.93498177892485
3635,140.88294718930192
3636,166.045485672814
3637,119.1896286638809
3638,66.31457651235897
3639,6.352022606666392
3640,-6.370655258339321
3641,-8.167976576722383
3642,12.457732104789528
3643,56.177141615766374
3644,128.01990419585974
3645,173.83960312706708
3646,194.53814801865653
3647,189.59472612266285
3648,158.91502352469124
3649,113.3434103150979
3650,80.49620307950958
3651,86.0159013651998
3652,7.463288847910714
3653,24.647206399580295
3654,-16.39872805776017
3655,11.235561970697809
3656,10.120691425412545
3657,96.27592433230728
3658,91.96746124684744
3659,131.62739923469613
3660,87.46538403010173
3661,31.36459391925953
3662,4.663871505240007
3663,2.708900220146562
3664,-0.09268834509465816
3665,11.526245756278094
3666,84.05059324255879
3667,144.1470058171772
3668,196.2452860173445
3669,208.27561422781903
3670,194.37336258843996
3671,142.1700272491549
3672,89.55646065658779
3673,85.93392079311283
3674,41.8577805986038
3675,7.765457199218987
3676,1.6358722398995895
3677,-5.375146589683927
3678,1.5523212337220569
3679,49.30376412332213
3680,89.52191851096273
3681,87.44599833623626
3682,117.13454704181284
3683,66.23629720437452
3684,46.629378829249646
3685,-2.8843182073536386
3686,-4.276915842558916
3687,-3.8212945053797718
3688,19.050843414795843
3689,47.04290239893556
3690,132.70807247980613
3691,185.28980866995659
3692,195.79340008628765
3693,178.31494520555964
3694,146.32629410873753
3695,69.02656351524472
3696,89.10481759498836
3697,42.83509877982834
3698,21.3173747685142
3699,7.518153931628704
3700,13.70322036966349
3701,-5.8339994040802035
3702,49.664987033465394
3703,49.22054184883469
3704,82.74829154401169
3705,90.41867232135968
3706,48.764356801087416
3707,30.171601610329162
3708,-13.966471506536754
3709,-0.39364956520078487
3710,17.114492569321282
3711,29.307195312120893
3712,56.97190599799301
3713,79.01695284663128
3714,115.99030383795129
3715,132.05186893017256
3716,127.49806937278102
3717,116.58716055870134
3718,90.81905831702227
3719,65.5077943854528
3720,59.8750731059554
3721,31.971191270211524
3722,10.8711934039304
3723,7.237822975351963
3724,49.21232057565666
3725,52.934070421892756
3726,61.55725528814372
3727,72.6512935599534
3728,53.3150723822299
3729,39.138815594038185
3730,17.312177341534532
3731,9.335154421794291
3732,23.343400758834687
3733,43.501922021845026
3734,50.78903054355113
3735,49.83418656803765
3736,45.48905702211073
3737,73.3538502264901
3738,95.13788881744681
3739,101.35924801967928
3740,88.36172351812795
3741,59.95923826585554
3742,32.820411019869816
3743,15.42282237276356
3744,-4.935253736401835
3745,19.054948011528193
3746,41.03940183976564
3747,89.28472452763582
3748,103.3188890937296
3749,109.47699290904708
3750,79.81940498640623
3751,74.72364897376437
3752,43.8449293711947
3753,48.62162529199764
3754,15.316833071124181
3755,32.72674755390308
3756,8.455711168412003
3757,19.809251608077563
3758,18.213025292783623
3759,44.73210394161513
3760,52.00591844213174
3761,68.70401732229455
3762,56.06709334089976
3763,67.00571710004314
3764,47.92753685689224
3765,26.576848066810545
3766,21.041176709336877
3767,3.632940338967589
3768,19.0853055419178
3769,62.70481930678604
3770,75.06196560215017
3771,87.63646088778448
3772,89.94350922133479
3773,78.56159464632297
3774,77.94886824284966
3775,49.060544258932715
3776,39.60165598460943
3777,30.66972793641743
3778,18.70036412638542
3779,11.680360925134806
3780,22.01084451742292
3781,16.640030480906685
3782,48.15933195199222
3783,45.74318695273681
3784,43.87844053538185
3785,50.90461963361248
3786,41.90952448222941
3787,29.481002143998385
3788,32.863664381228894
3789,21.55538753074025
3790,35.06011006656899
3791,51.67043490613579
3792,38.619492044352214
3793,35.26470274244356
3794,47.58060951749931
3795,30.50839846917938
3796,42.390937950579435
3797,71.21049326309488
3798,53.164966372842684
3799,60.149404106867706
3800,27.690707520085002
3801,21.017985699058464
3802,32.01848081907869
3803,41.691731969797075
3804,59.00976209732511
3805,47.96098210755195
3806,39.051375735658844
3807,34.76289971758755
3808,27.55747303736031
3809,34.8112356632598
3810,44.27283346085587
3811,51.27832172551029
3812,56.4552154394677
3813,41.94710937206901
3814,42.854638043304
3815,29.041061110951038
3816,26.464530459232588
3817,24.428037486772652
3818,13.867550532168742
3819,27.914242300343204
3820,19.803837453731614
3821,45.775357738057146
3822,52.99201198392782
3823,75.04255402636771
3824,69.89718872432307
3825,73.56135748667477
3826,51.50278463587868
3827,41.98280962542707
3828,39.14361124033808
3829,35.680472321828425
3830,47.903158706620864
3831,28.851191560235502
3832,33.11693702276024
3833,34.427168035600594
3834,41.20201160284102
3835,42.62305234642026
3836,49.85015441603874
3837,51.19991451062568
3838,59.77556910446105
3839,57.59071042228343
3840,36.647184220839215
3841,24.067272670427215
3842,13.595300208069316
3843,19.947851834125093
3844,19.558104194019425
3845,43.25472676069099
3846,56.1868122436378
3847,57.73545023042873
3848,54.27638708214398
3849,49.41398397567262
3850,45.558547580320884
3851,52.82230446941629
3852,59.75738221709573
3853,53.592200898667635
3854,45.27249271066082
3855,37.82271754184152
3856,39.24272337883287
3857,35.85195977412119
3858,30.195979348121128
3859,37.36740346447578
3860,32.31608643616085
3861,45.960004451621224
3862,50.34750365171513
3863,39.38208944750833
3864,37.825224419845384
3865,40.392129505306045
3866,35.27408161132775
3867,35.62267105130698
3868,27.28278383893735
3869,18.010708731155066
3870,33.04871596305018
3871,24.405099711403455
3872,46.807081859624816
3873,39.32452181360248
3874,46.65543770029843
3875,36.904380509168426
3876,49.915793697447775
3877,53.04142204749554
3878,39.838240727188314
3879,41.74071018660833
3880,32.326703580628454
3881,35.35859140265173
3882,49.358122667955286
3883,32.370373841322696
3884,22.002333299062716
3885,29.524639865570233
3886,13.664732985744028
3887,36.555712116051815
3888,53.99294132701329
3889,53.537369809080644
3890,51.13064450530174
3891,31.792703987545266
3892,22.398935584324633
3893,22.30590042678169
3894,12.71554805901282
3895,35.28284099563172
3896,33.16318652570307
3897,33.14158490622754
3898,32.281657168932725
3899,28.657202931834064
3900,38.488385942271066
3901,40.26927874749776
3902,51.84840530828014
3903,43.848489829797494
3904,36.38390093779794
3905,35.84581538833849
3906,20.31907782258988
3907,23.085330229891373
3908,30.166551779690405
3909,33.55306904212642
3910,35.62651099790352
3911,40.5194121924422
3912,36.959496426700845
3913,32.499710376053855
3914,45.175595308182466
3915,35.28829823527243
3916,35.1125792079988
3917,22.705102991261278
3918,12.018801248672993
3919,17.52008263672229
3920,30.158589142361595
3921,29.695372256465213
3922,44.369459092562394
3923,33.611966483233154
3924,27.5680852240287
3925,37.38961376388381
3926,28.353029420386743
3927,30.64391740157448
3928,36.6994017306492
3929,36.000991176227295
3930,29.496138679966833
3931,40.00225453841505
3932,21.962880520919185
3933,36.97065044710545
3934,40.90384743811267
3935,30.725494985604715
3936,24.261489528492206
3937,14.249254879193835
3938,14.008013144304961
3939,22.139158145654136
3940,23.762655664357286
3941,23.032372021732602
3942,27.9570967811515
3943,24.92078276682243
3944,17.743693083407226
3945,31.504359639398587
3946,21.583603113448383
3947,27.91316645925977
3948,20.800163891953755
3949,23.115107293711578
3950,18.33020590213203
3951,21.3668702277836
3952,19.148118992903722
3953,30.078988083400287
3954,37.2314428590552
3955,30.22747564021074
3956,35.93677886916014
3957,24.975969607076234
3958,27.470176595321092
3959,23.125429681599943
3960,30.013744709688012
3961,27.929283842393257
3962,20.53898110553303
3963,22.697058347266896
3964,12.291560115034828
3965,10.45145012203866
3966,41.93882641602814
3967,30.495559585659283
3968,38.5367173473951
3969,26.567375713866497
3970,6.074925156702904
3971,17.55940825835021
3972,19.29180772608965
3973,26.59579947480455
3974,30.389056411783162
3975,24.24530936182771
3976,23.393872386482002
3977,17.069514145585224
3978,29.031356152239326
3979,27.734217783739627
3980,26.20428745950148
3981,32.937873712536806
3982,20.865227978879442
3983,30.85314288368204
3984,29.65988461070201
3985,39.9887335560857
3986,38.152184831896335
3987,41.87091274069795
3988,21.86284972786815
3989,14.761960810673633
3990,11.76340505205823
3991,24.12942992729259
3992,35.26060175387742
3993,41.4049221278813
3994,30.298404670287805
3995,31.22444333257505
3996,24.38472927090858
3997,28.031959588223543
3998,36.101926448262816
3999,33.76388356345377
4000,32.40856826383349
4001,17.9636217221508
4002,16.699035366499253
4003,13.671890705669222
4004,31.15730827859142
4005,32.72345368908359
4006,38.15636177869374
4007,38.80585736452339
4008,34.80186388058559
4009,32.336676162911864
4010,32.83533858494403
4011,33.63120083286072
4012,37.46142041925665
4013,31.461457971852752
4014,12.982278588403902
4015,14.254652996868005
4016,22.42291846737254
4017,26.74929686290149
4018,35.47190970435488
4019,41.103339719262735
4020,35.31616964073191
4021,36.45413004419415
4022,28.939857123055898
4023,12.809263124235814
4024,21.840652803288698
4025,14.536273965604087
4026,36.99816271888247
4027,25.337763144879784
4028,25.048073610655678
4029,20.397118086982978
4030,9.83648163381075
4031,20.026390590070612
4032,24.497092585031265
4033,36.81958889422605
4034,25.782415497836094
4035,29.85038615634797
4036,27.099598663209495
4037,25.512408528225798
4038,39.888865650679115
4039,32.19863220557212
4040,32.13261919696013
4041,32.26293288230779
4042,29.084246076678713
4043,21.72673383830331
4044,17.598826279528293
4045,10.297134824993053
4046,17.445082099021352
4047,32.111132611309124
4048,32.634930887713416
4049,36.67165356637139
4050,19.019561430111235
4051,37.53592826981768
4052,18.518367471448297
4053,31.702653333898738
4054,28.655438846999463
4055,13.928366235617327
4056,8.74710393582375
4057,8.4826708574337
4058,23.56643830253228
4059,23.397884316052878
4060,25.66674741404585
4061,32.49979775998361
4062,43.83746535916883
4063,45.52433822391851
4064,47.07609825697184
4065,30.0917410442007
4066,14.094262035226938
4067,9.443543309946522
4068,7.618180349334994
4069,18.31261862129266
4070,14.97551935311503
4071,15.45258251192426
4072,23.03534677580685
4073,31.584325630070655
4074,32.65365396381452
4075,29.2541135231908
4076,18.010296784043177
4077,16.33048598383019
4078,17.616614662880007
4079,12.127159812309259
4080,8.536228046458598
4081,7.204106537338774
4082,9.906576284918822
4083,24.64685744979244
4084,35.135643158207614
4085,42.54687783681238
4086,31.415553531460347
4087,18.714784024605766
4088,17.994037840625705
4089,25.30371145836621
4090,24.749616866237744
4091,21.824090395424673
4092,14.456904632602587
4093,14.2445490636961
4094,23.632818017420004
4095,15.6314472253864
4096,10.965005658522093
4097,17.560314340621648
4098,17.39897540520284
4099,15.203195702168927
4100,11.556091157989377
4101,7.932112722391028
4102,2.6314882632173937
4103,11.97778514736009
4104,9.67610490969379
4105,21.95238353996278
4106,24.153278692924953
4107,22.395136014929783
4108,7.602344933039819
4109,16.43371163501005
4110,16.34622635157871
4111,20.193034488421535
4112,15.241403877235973
4113,1.2179022324179982
4114,28.52164826297026
4115,22.525159581080143
4116,18.917463795398998
4117,32.0839569378302
4118,15.636913177568209
4119,13.853839907493947
4120,16.958211150034924
4121,5.0770370441511306
4122,3.9011856139868684
4123,13.867625292674104
4124,19.4682657153805
4125,15.856817004366805
4126,27.205015867461423
4127,20.127249906502318
4128,20.146381736665916
4129,25.64809393296814
4130,12.952413893854933
4131,23.028472129170268
4132,5.535373165436048
4133,10.147981281483291
4134,20.778679243316116
4135,18.399920707516703
4136,19.78915477270414
4137,18.989462656105875
4138,26.333759886966103
4139,14.511006758772657
4140,23.122906012736898
4141,14.985473348494777
4142,15.90893234132342
4143,15.651072735953058
4144,14.024940074032957
4145,10.274676324499147
4146,12.854879685698041
4147,22.09496037620812
4148,22.104657873839084
4149,23.441521663309228
4150,19.791982086267826
4151,23.997782414108144
4152,29.59801727245924
4153,20.00913009710686
4154,25.413427455766726
4155,24.600464796592977
4156,23.6229886846724
4157,24.97170243882931
4158,15.782109446351328
4159,26.21617595824547
4160,30.19601583155379
4161,27.468002154375
4162,23.246860565401892
4163,17.12145311055479
4164,20.990168581737436
4165,13.190986756005232
4166,13.890313912061483
4167,16.57546550025448
4168,25.73660885646917
4169,31.876181556274393
4170,31.831332471542
4171,18.812281529371717
4172,17.382600965208052
4173,20.71840449913991
4174,23.135539025284615
4175,26.281827114127548
4176,22.201265374487047
4177,29.388096504333223
4178,25.703153299418567
4179,20.0231334629859
4180,28.99664559622131
4181,18.886305094891558
4182,22.981223736169767
4183,18.967846454616453
4184,17.118579484290436
4185,13.48548247284974
4186,23.950681092910038
4187,12.71144893925245
4188,22.624733692649897
4189,8.523334147848336
4190,20.697244006875422
4191,22.667416649749462
4192,19.570481451862634
4193,25.940815981867644
4194,17.709900853454002
4195,26.115661086842273
4196,16.736501292311022
4197,13.899539463625887
4198,29.723624907526162
4199,17.53951964761262
4200,23.604525419274204
4201,24.73820168431523
4202,10.214823036103734
4203,17.7669855831073
4204,30.855473050244594
4205,20.558482732511678
4206,13.405636396442382
4207,16.579524156480943
4208,-0.13590081053109312
4209,16.725386323218256
4210,10.968458565203159
4211,17.261891973474853
4212,29.665701293387315
4213,19.822913032000695
4214,22.50097041703645
4215,9.494390153531043
4216,15.129345749227914
4217,9.105397567306616
4218,19.473036496350787
4219,21.156292359008948
4220,18.164250591251974
4221,26.862317558269048
4222,18.692713451221287
4223,30.921265152670596
4224,23.807749582445297
4225,25.578423231390996
4226,16.322936161784302
4227,11.41608100755745
4228,4.513369209153523
4229,2.6146476424151954
4230,6.6327171314867215
4231,9.667814764841443
4232,17.515416615246632
4233,15.124368216143873
4234,15.909239866677572
4235,21.488166924979993
4236,23.306245885206504
4237,22.378850175605063
4238,16.330567788757637
4239,7.946528826177915
4240,7.584256498821394
4241,10.53927525939357
4242,7.877403500246106
4243,15.906987859724971
4244,20.936640550772665
4245,20.993781757325745
4246,19.164479431241755
4247,18.198729509244238
4248,19.469086592478885
4249,23.64955236119257
4250,9.640574863933272
4251,3.621497059144859
4252,2.5158516708026344
4253,4.133064618875288
4254,5.238926547380824
4255,11.86100320172693
4256,24.029295598343253
4257,17.315075868381207
4258,20.364481472493026
4259,5.771124014403869
4260,15.620566168024736
4261,14.98033279177764
4262,3.2971372794757374
4263,3.4054890162691764
4264,4.480149286033993
4265,7.7308691302193955
4266,6.684550278922696
4267,15.778731625545651
4268,13.295284985854497
4269,20.90255517692117
4270,15.071115302797487
4271,12.749220974562201
4272,15.389959200076014
4273,2.3002220325867335
4274,10.21230715275076
4275,0.11636307002550816
4276,7.310650423992975
4277,5.1303347165866615
4278,-3.5525700774543196
4279,12.63958826484197
4280,19.66293400999295
4281,13.956542324033341
4282,12.229792509777653
4283,18.171272474846496
4284,16.461091391660005
4285,17.933108506391346
4286,7.386562648511609
4287,3.0680035049543353
4288,-0.5090616666610424
4289,10.25613351654985
4290,14.184752428357465
4291,11.71766136169693
4292,10.228311356914901
4293,-0.7535999403843862
4294,15.094136938468145
4295,26.18366961297633
4296,10.46877976104606
4297,-0.17735089817445673
4298,11.461424986372315
4299,15.799865361697675
4300,13.392140756153246
4301,14.107141963796947
4302,14.867857524096237
4303,1.9098825308786809
4304,12.651689553165816
4305,8.17340137061965
4306,18.595533273212972
4307,17.49871191363221
4308,24.58873713972933
4309,21.94853032146992
4310,22.938618606726205
4311,18.564915952953992
4312,19.29123324927287
4313,21.213339182955007
4314,14.143296037081479
4315,16.319470711339676
4316,12.701123341154442
4317,2.8571974006547407
4318,6.55323324619426
4319,14.710588007161151
4320,20.239909379088896
4321,19.289275136018144
4322,22.049806777166665
4323,21.457525810228937
4324,20.61972013998431
4325,23.38458116339632
4326,16.869047561370113
4327,11.34431826993261
4328,13.632161340825125
4329,14.598748865352846
4330,16.387596355845016
4331,23.28216175331312
4332,24.363568686514746
4333,29.635530191402115
4334,18.147644487094244
4335,17.08244200811215
4336,17.842595040870982
4337,15.085150885507701
4338,18.73526156982829
4339,18.091852723268087
4340,12.297530551247183
4341,-0.2111129486135834
4342,13.644438834595455
4343,9.571127631896166
4344,11.720168606525057
4345,27.01483462786223
4346,19.664757062398923
4347,6.886836832326508
4348,15.455439746656216
4349,19.248011072633698
4350,10.786999410257648
4351,16.744212293715155
4352,15.866688509691661
4353,4.390316410207185
4354,9.619182894363249
4355,20.497510548591602
4356,19.648233003837614
4357,13.300972500539578
4358,18.279398729046104
4359,21.388456610886447
4360,7.135759562625474
4361,2.799620875514489
4362,13.055252267932083
4363,18.62296174770782
4364,5.1504898805278865
4365,8.806545898847459
4366,19.582457497038487
4367,1.3130436998060295
4368,9.101776209809055
4369,12.008948941037183
4370,15.499057529516278
4371,12.634885227968706
4372,6.987262854079148
4373,12.073053646098392
4374,10.348791162921263
4375,20.5929434237348
4376,14.63987315870703
4377,7.476610037614486
4378,11.666243420036642
4379,4.034598983966993
4380,1.5378274085455101
4381,8.19688940435603
4382,12.534439330170992
4383,15.229735668192134
4384,11.160674635479827
4385,12.394299768124538
4386,9.321371336677549
4387,7.376007921023382
4388,13.03526665330591
4389,15.43368186218572
4390,8.12378192143675
4391,7.682155028849795
4392,4.427012014638952
4393,9.68562686986182
4394,15.27293780276532
4395,14.633554676616154
4396,15.181334798660913
4397,11.789484595465995
4398,9.415789726359998
4399,11.197212886281562
4400,7.361857073196943
4401,8.776734257930963
4402,11.102382025131208
4403,4.239074441801745
4404,4.267507667208646
4405,6.587184641216798
4406,10.185983522813306
4407,15.978255506169198
4408,12.563597934100176
4409,9.114576307255824
4410,4.564957853344791
4411,2.1355919983625973
4412,9.841643675762917
4413,8.947915411795636
4414,4.92591720559249
4415,5.234577193690096
4416,5.972337433642589
4417,7.37997911516701
4418,11.664070802047167
4419,9.755136447622428
4420,11.291725823267994
4421,8.320297741668766
4422,4.350220139369519
4423,0.027606555651942144
4424,3.5536838412809053
4425,2.2341377398752225
4426,1.779571204314882
4427,1.1256724694202802
4428,5.5014149965834145
4429,4.333827153499994
4430,10.401329500336836
4431,5.367037813342407
4432,7.907458923439241
4433,3.1614033699400816
4434,4.177145944505254
4435,6.160439160953992
4436,7.839496688941669
4437,9.21977080686039
4438,10.475452629767648
4439,-0.70977023765022
4440,10.057366273516763
4441,4.83236282630607
4442,18.43675022842568
4443,4.669257525649601
4444,11.224375923056538
4445,3.528367106773288
4446,9.076603954331913
4447,11.523138052308028
4448,-0.8625757469667914
4449,13.659116714963616
4450,3.455784185347581
4451,4.066093490117161
4452,6.613903837685769
4453,0.4961508373722734
4454,12.873194240079448
4455,5.013479918158214
4456,6.088295806139972
4457,6.7452992140907755
4458,4.107854852677575
4459,13.819818481746236
4460,12.275844459639542
4461,21.75176601554608
4462,10.645889516185438
4463,12.039477435935034
4464,11.603278215105531
4465,13.613551729366314
4466,7.539131954363978
4467,16.40216894428187
4468,7.48531216541448
4469,9.453490484115038
4470,8.34710938527356
4471,8.173875840420736
4472,9.927808646843411
4473,16.6783836495179
4474,18.076122598337793
4475,16.16560436641264
4476,3.662780469543677
4477,7.870567650809477
4478,6.84584382752274
4479,9.111278178295835
4480,8.411668138840941
4481,15.242274769931372
4482,10.330470482275476
4483,13.549752600843078
4484,16.781215291304758
4485,20.696074575771473
4486,17.31852320158559
4487,16.370112083870286
4488,15.008426967904436
4489,7.960412090389721
4490,6.661269581441047
4491,7.0675391622559225
4492,10.985328384471796
4493,11.990157344487082
4494,12.185935710188001
4495,16.861341347547143
4496,13.46009477621226
4497,9.33989691935872
4498,15.453716558374841
4499,6.285232226717641
4500,4.383874083068144
4501,11.47919398851778
4502,1.8219840512442533
4503,9.37472132365423
4504,8.59391972701258
4505,8.694088690141152
4506,20.623820288543467
4507,9.496640465571872
4508,12.424164104782648
4509,21.240900536568056
4510,9.181292062251405
4511,9.344739355114045
4512,11.030296728702004
4513,0.41260024353517233
4514,5.43431370425169
4515,12.459769071313806
4516,7.048884271339939
4517,-0.27944434924901423
4518,12.753509643258404
4519,10.461406943391621
4520,2.9960687694715724
4521,15.600731397478897
4522,15.802166250644925
4523,5.462827529150199
4524,14.288045851466952
4525,9.051040451036624
4526,3.5959711193050055
4527,15.392020518285172
4528,2.8071226044543067
4529,7.3929924593552565
4530,3.1607588412222176
4531,11.496214865129328
4532,9.235897189727426
4533,11.915612350735726
4534,4.217925346240817
4535,9.78152576390339
4536,8.551209460070833
4537,9.415090793571462
4538,6.037682387278456
4539,2.404685750554752
4540,0.9189701344064054
4541,6.722952736346407
4542,8.02269443602226
4543,10.344471400118847
4544,4.667660970293562
4545,7.905415092990908
4546,9.954129483252038
4547,7.579047901257602
4548,9.488459253844155
4549,10.310952412521125
4550,6.632909594317339
4551,9.971241715538424
4552,9.227980572109045
4553,2.64589637779948
4554,3.2818260652032496
4555,3.6629564581833343
4556,3.3659706256819932
4557,7.3113762505621125
4558,6.740112524200619
4559,8.798532793306505
4560,2.566509895633728
4561,1.0452448454556784
4562,3.777364015170555
4563,8.318846135327636
4564,5.257827271540344
4565,6.208718150555196
4566,7.515608936294915
4567,5.3631608829403286
4568,5.803609894493956
4569,4.415824711094099
4570,9.771373417035546
4571,3.242686287144442
4572,3.8618706115568595
4573,-0.48492234936558515
4574,-7.326229467307743
4575,-0.5264888550361392
4576,6.172665393155756
4577,4.4288619979288955
4578,3.292102742691636
4579,2.48709893679797
4580,1.2826998584813185
4581,-1.0054997554799492
4582,-1.7793686397000472
4583,0.7222307109000162
4584,2.70287002093809
4585,3.500197849367856
4586,3.697141051442882
4587,4.860338543050461
4588,1.847431127817277
4589,7.062838785314128
4590,1.228146913268942
4591,2.095842836790642
4592,-0.6501117603086569
4593,5.440696319922328
4594,-6.4140078683214075
4595,3.2771088064992857
4596,111.4083633198711
4597,26.329483836933434
4598,-13.388910719667823
4599,1.1387525463239265
4600,16.07635584505767
4601,12.25695812250722
4602,-5.027928393437072
4603,-12.662338349464052
4604,15.78167069511314
4605,24.820198706115733
4606,2.8318301090049007
4607,15.96265552084325
4608,-0.8712931379533555
4609,17.510922843644494
4610,1.7070144122936441
4611,14.098594982440632
4612,16.40657297309456
4613,3.7516361133884817
4614,16.241512248508503
4615,-18.519294207990164
4616,72.00147149766612
4617,85.5449623373761
4618,-25.87890648603256
4619,-1.511329353230463
4620,-6.260063196536821
4621,2.713695709123484
4622,10.471364411293866
4623,13.162313444600729
4624,-3.5407857860754306
4625,27.628289926284193
4626,40.44490651772479
4627,31.510458612818493
4628,16.578120109481297
4629,-2.551334493457705
4630,1.675311429027805
4631,7.617387662684844
4632,17.10867396430167
4633,12.409630274104922
4634,25.27524443594494
4635,4.730902872624495
4636,6.992594765228087
4637,-1.0644036555367993
4638,-6.431368876680476
4639,-9.47740105787812
4640,1.9708691447295523
4641,23.999556236405905
4642,24.115247733383814
4643,14.538321777342302
4644,0.49969531878194534
4645,16.828604216888092
4646,24.91650698461839
4647,9.67736809933347
4648,7.622517658123045
4649,17.594965967710596
4650,12.304217815735546
4651,-0.5173736654232852
4652,1.612848970193792
4653,6.358328526310132
4654,26.824745018678357
4655,17.73944359265401
4656,-0.013255446545869862
4657,-6.216973832348337
4658,5.192269763914043
4659,20.84874085329171
4660,19.36999311903324
4661,-1.7051186873681121
4662,2.27754338081217
4663,64.62718955344418
4664,17.920460046277945
4665,-3.2097100632401645
4666,-1.5538225790474378
4667,-1.8614273585693517
4668,-3.130294851287809
4669,10.773882510051171
4670,12.584094292217985
4671,36.93293064044122
4672,31.92041086912792
4673,8.180182358771638
4674,8.12764561900334
4675,-0.4617377700044097
4676,7.912305175153577
4677,-0.7330686001478623
4678,10.09835925227397
4679,-0.6399402628275355
4680,22.257227782960488
4681,7.754910760211629
4682,10.600457595100735
4683,8.895961305714666
4684,-0.5197981166098858
4685,-0.15516641567732017
4686,-0.5815009290355392
4687,22.16220850874667
4688,33.516283072959055
4689,16.340282652064655
4690,13.335630532513774
4691,8.254719215811098
4692,-4.365540741171946
4693,1.464982690885871
4694,19.088112592967356
4695,0.14409567092447934
4696,-4.251300383949456
4697,15.187641717605018
4698,18.083855617458266
4699,3.303637113798244
4700,15.521194989161705
4701,-1.8899561428127327
4702,1.817381009115645
4703,12.905117118459835
4704,7.065520072186778
4705,-6.752100519103273
4706,35.185940305884685
4707,27.062660911440048
4708,5.754809350677645
4709,5.933900127529841
4710,-5.547471007095499
4711,0.3765501206751885
4712,1.6394874437422036
4713,7.5100301258741275
4714,2.9940168586692275
4715,-0.45870915642372245
4716,15.30356633686255
4717,28.446349709008032
4718,12.455212198044064
4719,2.5359022372944566
4720,-5.619710950742357
4721,12.921090965186226
4722,6.983433868871263
4723,5.35691660432771
4724,6.179990784705036
4725,-5.004231681386684
4726,2.5695655848439136
4727,10.03615799655653
4728,3.739356711338107
4729,-1.8023630821877363
4730,2.4190610894780096
4731,-3.9523736134631267
4732,16.455691661392013
4733,29.28834957420408
4734,8.85030712127732
4735,-4.027235774230116
4736,7.321715552953868
4737,4.220732298796727
4738,7.6863091191768556
4739,4.035861729328935
4740,-0.7715578474640271
4741,7.704193716341798
4742,3.292212120491698
4743,1.5033594973604618
4744,2.6346164988458334
4745,-0.5971636035270429
4746,0.7814066928756224
4747,12.610188219040857
4748,-2.7815341812627565
4749,5.134609038531382
4750,11.830626108952691
4751,15.775255566010502
4752,-0.17837650493853374
4753,-4.094582402254971
4754,14.328501686284996
4755,7.652697642559155
4756,-6.586277538463844
4757,1.8108835273579504
4758,-4.830292804077215
4759,25.802855896519688
4760,34.104590735717075
4761,-6.892184851205053
4762,-0.10993279248866018
4763,-2.3593889965331276
4764,13.387194294875561
4765,23.98463250022218
4766,10.546739651461783
4767,-0.016710867222027543
4768,-1.8256555377760968
4769,2.6495516294050976
4770,11.203427431333045
4771,4.884074964973338
4772,6.303884820943765
4773,-4.915406766517466
4774,7.948908944731983
4775,12.11378449810857
4776,-2.302388328363404
4777,17.066499094647792
4778,9.2044505364585
4779,3.905151283915933
4780,1.0276167601836046
4781,-1.3059938962408275
4782,5.682119393680299
4783,20.77269631130827
4784,13.378300241985407
4785,13.100292383477054
4786,0.26009650392905986
4787,9.820918903722555
4788,0.78886310737251
4789,2.8959811706663743
4790,-2.6038485558621023
4791,12.55784403684976
4792,15.091291348758135
4793,4.307970745660155
4794,8.058685436477404
4795,20.141134494084493
4796,6.313597239183721
4797,12.163624619723075
4798,14.672300277291491
4799,-0.7739957539069177
4800,4.084203714579702
4801,10.905964360936022
4802,25.70708707527807
4803,14.277747756144892
4804,0.08974026280704937
4805,-1.3418739389884968
4806,12.825910744360987
4807,24.716389320651558
4808,20.74707500407396
4809,-2.627727117875675
4810,2.7311704523333256
4811,18.65428364349993
4812,9.132858921731758
4813,0.6608031370653
4814,6.888456125560057
4815,15.1994209944932
4816,6.528676376632227
4817,14.987653126307128
4818,18.579873445572318
4819,13.707196134814707
4820,2.5115263171443645
4821,0.5178447533395047
4822,-0.5582004459903408
4823,17.64196232704903
4824,13.399119315881302
4825,11.51312901176016
4826,1.8941676250255712
4827,10.334432545322667
4828,22.815161484509137
4829,19.410778085477695
4830,1.4013499875141557
4831,2.9600658587097843
4832,3.273584215489738
4833,8.775063356730135
4834,30.323201544987167
4835,1.7807296482297825
4836,3.2925297540162823
4837,2.293749675523831
4838,4.963907081157093
4839,18.12189173883231
4840,16.75362703873653
4841,6.477549218584562
4842,3.499072397991408
4843,6.5259791984770965
4844,2.3920649537098106
4845,8.783896011384254
4846,8.60219018056077
4847,-3.1995958153625983
4848,23.017730304400803
4849,12.32304454688069
4850,5.78947744383753
4851,8.029155440540565
4852,3.3471556375962828
4853,14.379417346423992
4854,0.01548804121309059
4855,-3.3864296056894116
4856,12.160230754683194
4857,0.44731656612850734
4858,22.10490424853005
4859,22.61519954259369
4860,-4.64221236549647
4861,3.1401722898248146
4862,5.833426351160742
4863,1.4043980614043643
4864,2.3621740507307076
4865,10.881967293578464
4866,3.9018077660045147
4867,10.032785740781323
4868,17.606033140203447
4869,3.95154754599356
4870,-0.44766037696150235
4871,1.8019231178535782
4872,9.058608664010285
4873,6.43053090139565
4874,2.192965171999161
4875,11.206602056732516
4876,19.429392573796807
4877,17.512653586542353
4878,1.0332726704154995
4879,-3.0230246266044456
4880,-1.131037652773402
4881,-0.0548876876645647
4882,11.777248349797308
4883,33.79671853961529
4884,17.32596375750742
4885,0.6339105992708908
4886,-0.09674609605050126
4887,5.08647339323552
4888,11.32180102454833
4889,3.288167414523061
4890,-2.090438918853281
4891,9.19116244835478
4892,14.884674018235453
4893,20.943272277274517
4894,8.282891086550679
4895,-2.33562893418358
4896,0.31408844166710587
4897,-2.2297151723413333
4898,1.072314216517267
4899,1.7277122007156307
4900,14.789126807701274
4901,10.277385399314328
4902,4.83165732142755
4903,-2.1123223629410206
4904,0.038266756070783295
4905,-0.8131352754348747
4906,-3.8353385318868174
4907,15.201027235533878
4908,7.103541255436356
4909,-1.0043975491944472
4910,10.047337965003585
4911,-1.8933963085585128
4912,0.08386780899378418
4913,-0.28076378323375967
4914,-1.2209217586290626
4915,3.6625971899028347
4916,22.589029350960214
4917,4.5305812786599615
4918,14.71566547846983
4919,15.001581336178878
4920,-3.9508678874438554
4921,1.0052259909040298
4922,-2.251782985789886
4923,0.5906377330253979
4924,20.55340767206276
4925,5.57224566262194
4926,1.5470829534479293
4927,-1.2170824931755735
4928,0.2686861550412791
4929,10.525775169888309
4930,10.149800206493138
4931,-0.42961574688013576
4932,8.47474111925836
4933,8.195712976512812
4934,5.695496348614335
4935,10.343776279488006
4936,-1.6732155874815
4937,5.679831135314675
4938,-0.16865143655202167
4939,1.5283566039349559
4940,5.401303349836686
4941,10.037999746127076
4942,3.8027505340975853
4943,3.9680075686845195
4944,13.755542945900084
4945,7.788714772856607
4946,0.006836012484461639
4947,4.531715354393726
4948,19.83652690963484
4949,7.792597156177237
4950,7.006332441481128
4951,8.437958559301324
4952,3.22953086600868
4953,3.700071165481821
4954,1.721500706764481
4955,6.485520004630192
4956,18.10174070155303
4957,11.78633509906982
4958,10.427934126254126
4959,14.782268542739443
4960,8.845941750808942
4961,3.9619321306462516
4962,5.341956414800056
4963,6.915020686494404
4964,18.788191415779817
4965,12.53843892228417
4966,7.9582341633229525
4967,6.773190114358665
4968,3.027662741360573
4969,1.9716228297928489
4970,12.040949890396844
4971,19.119230461899267
4972,4.787466100005323
4973,2.8126544327810783
4974,18.051568704682307
4975,11.41019243579542
4976,6.0351986583861965
4977,4.78320277371935
4978,4.15387044341501
4979,4.829678357681824
4980,8.101115833304142
4981,24.438049855206923
4982,8.6333964230115
4983,8.18053942526315
4984,1.7070721495897856
4985,10.41438257631193
4986,5.699894351422521
4987,11.078138782843867
4988,8.867100954032352
4989,4.166139233283867
4990,16.39024841788832
4991,5.566409216735472
4992,14.839907178517999
4993,3.219976554553479
4994,-2.6143484228874296
4995,3.7368009827977176
4996,5.431605172088474
4997,12.138703596608572
4998,22.60334690059105
4999,4.999236745963335
5000,10.415935474736138
5001,7.290565856013326
5002,-0.6389613791175471
5003,8.472131440300462
5004,3.1578154476164775
5005,8.835334618308261
5006,15.10392420667821
5007,7.339340541366514
5008,3.1167838559943
5009,5.140023984430457
5010,1.6051983134397965
5011,6.3417897137293915
5012,1.7358171717549675
5013,6.567702908672703
5014,7.542106043106069
5015,14.200544944929367
5016,13.334090887998377
5017,2.580766094640247
5018,3.5753487140697437
5019,-0.04700770811940291
5020,8.455996115192635
5021,8.803217226874196
5022,14.632667141950122
5023,10.078209766429602
5024,13.719858550114447
5025,11.925414478598276
5026,2.4563807080832585
5027,1.8667300217987812
5028,-0.7281124767689634
5029,7.193509331507453
5030,9.391286071181133
5031,4.84017030783706
5032,8.919239825392305
5033,9.545968315003224
5034,6.95789459962589
5035,2.906530879125059
5036,-1.5714605018727696
5037,5.41939022495362
5038,7.987081389123754
5039,7.4221994616473195
5040,2.689456785218256
5041,5.004707615011302
5042,2.844719799549324
5043,0.1566439667204026
5044,-1.1238592117789052
5045,0.6929352636684
5046,1.2133092324791488
5047,10.641253735094853
5048,15.437262863784044
5049,3.3735608033487834
5050,3.3094071616428806
5051,0.24539927483384327
5052,-0.2641040082689429
5053,1.2731321902183725
5054,5.1287334303268475
5055,1.6596813004386455
5056,3.544414895609084
5057,6.909157434619612
5058,2.607776859373275
5059,3.61691708001574
5060,0.7040500815559967
5061,0.6874689211449718
5062,0.6450729849696115
5063,1.2422878537036204
5064,3.650246133999119
5065,5.344660226096241
5066,-1.0729647923771732
5067,5.304802239547655
5068,0.06811765272848343
5069,1.6212381612233862
5070,-0.21953418876187136
5071,2.44394017579121
5072,5.9249856263546095
5073,10.096405611993763
5074,14.076506160417559
5075,-1.2658065003350174
5076,3.139480763288637
5077,2.2862033825410792
5078,-0.4494630094796966
5079,5.335367485396508
5080,-0.3788343043079311
5081,4.113591457821221
5082,-0.17620580309083833
5083,1.257430243917958
5084,5.949127512809534
5085,5.9200160288150805
5086,0.7339459929249863
5087,5.3296798166906685
5088,4.405162381642008
5089,1.9238572255474757
5090,8.403014181206615
5091,5.99029207432318
5092,1.0987079769471408
5093,1.1336960467441464
5094,1.6739905053789597
5095,3.265384949286401
5096,2.161246858141848
5097,4.975885120649319
5098,11.453805078198338
5099,7.492830254065063
5100,2.9134529314671664
5101,2.8715987682631003
5102,4.652565869401667
5103,0.5729718611483222
5104,7.450117369661862
5105,10.14954609753509
5106,2.9278767798048486
5107,8.681755154791025
5108,0.8127675748039
5109,6.5223344258674985
5110,1.047415221250826
5111,8.317473787466943
5112,7.8103313874027736
5113,7.016304148017742
5114,3.1523776945722997
5115,8.207959900795883
5116,5.189708226649706
5117,6.789657782511533
5118,5.633218028162868
5119,4.0766200346642965
5120,8.030803357402146
5121,8.558485474577544
5122,8.446001233360922
5123,12.566862380020583
5124,9.04591423254269
5125,2.6722596528429157
5126,10.309405604949855
5127,11.113670064417848
5128,13.641523655522244
5129,9.41927280331513
5130,3.803775487678601
5131,3.4621852747969077
5132,9.426103414141718
5133,7.219647499029404
5134,9.367830072759125
5135,9.993297400393704
5136,7.3779110076395105
5137,9.018186648805175
5138,7.483449860656151
5139,12.768486510600086
5140,10.689749439853808
5141,5.478612144938129
5142,12.457343289520672
5143,8.89724268709673
5144,4.5220352044903604
5145,7.588998048586333
5146,11.465990872946282
5147,8.599742039874943
5148,3.8110081880645343
5149,3.133980290346953
5150,10.052134984415497
5151,11.61334202556902
5152,5.97758680174927
5153,5.778982622943396
5154,5.562178903641481
5155,6.107612206403764
5156,4.053357226094476
5157,4.6982994660340065
5158,4.165688138322859
5159,12.111580711988971
5160,4.897992014472793
5161,1.6251951701550609
5162,8.71705724216431
5163,8.736507998426438
5164,5.819796391222021
5165,4.192026874406074
5166,7.9631012665837195
5167,6.166325150305503
5168,5.603267362670004
5169,12.67436311231775
5170,0.2732102836844318
5171,7.022297429513849
5172,1.9287388296165184
5173,3.7777307579302124
5174,10.540187412102497
5175,3.995858919115767
5176,7.070330419404829
5177,7.7818650071967745
5178,7.575578285989277
5179,1.617368959267622
5180,5.167330547766539
5181,6.292310771046993
5182,6.901054235941649
5183,7.907733172545266
5184,0.4013059589069405
5185,7.358224825689343
5186,3.5329472458315494
5187,5.37132519192942
5188,9.240276282195671
5189,3.4371763783530453
5190,3.56100941045872
5191,5.800841611081395
5192,5.958627536147415
5193,4.6116344164037555
5194,9.101880859587103
5195,3.6483846186866415
5196,6.6104265548065575
5197,1.676584163180041
5198,4.274788390167509
5199,5.166500915944932
5200,4.487663496698927
5201,5.0809859337172
5202,6.347865014432937
5203,3.577174632984215
5204,3.9780579459781733
5205,3.3018324985669847
5206,3.373550235109024
5207,4.505016039940103
5208,1.0431111803485404
5209,5.270074611514241
5210,2.2542138534769376
5211,2.5488182730158324
5212,1.6406659778971842
5213,3.3208184751219205
5214,1.7699079220602651
5215,1.9870005949634628
5216,0.45327633241553406
5217,4.304394318450249
5218,1.0677296129463054
5219,2.1622075601188353
5220,1.3920731542847977
5221,1.8266195050557101
5222,2.104609224012138
5223,-0.022408572583058586
5224,3.7094694475197514
5225,2.735858324044795
5226,3.2061954795428065
5227,1.136438673106085
5228,0.8718646945833949
5229,2.7412845240554153
5230,2.789298029782057
5231,3.464952502865428
5232,1.919934087363705
5233,2.713724305658411
5234,2.6334831986681406
5235,2.48601792923164
5236,2.9652623555383104
5237,0.45364331598675584
5238,3.583629276436047
5239,4.271054976260388
5240,2.0670315202528244
5241,2.042079347486038
5242,3.5289762538169307
5243,1.8543391152559796
5244,2.6862956053170786
5245,2.908668041750583
5246,3.8564418649670595
5247,4.856347896562203
5248,0.10645884591154839
5249,6.065054013614271
5250,3.0501754684647864
5251,3.456607557774979
5252,3.656275475862335
5253,2.57689665209375
5254,6.316689582167558
5255,4.037215126754082
5256,5.231859599544062
5257,5.412301987033469
5258,4.432597672084692
5259,4.048979983081007
5260,5.306064840406824
5261,2.839058786274048
5262,3.960202739210281
5263,5.034434059144117
5264,6.253641970798944
5265,5.067243490508423
5266,8.920438721712591
5267,2.4281855936834362
5268,7.181961727369114
5269,6.804299796668075
5270,7.79525630789441
5271,9.271170431475742
5272,9.484545344301521
5273,8.664457127483631
5274,4.734303349467194
5275,7.730571800456773
5276,9.576986919545872
5277,7.8731837374739255
5278,9.747408674919408
5279,5.514687689694296
5280,9.53522952746784
5281,9.649934629425273
5282,9.95110891355443
5283,9.085811921867178
5284,3.8694132690450176
5285,6.423831116213291
5286,6.472458449041372
5287,8.847767499881197
5288,7.218983902421178
5289,7.824884037930779
5290,4.928257689507595
5291,7.993146400450396
5292,6.348445484598336
5293,9.691582478239722
5294,8.999423092611186
5295,9.101269752778949
5296,7.473799030259545
5297,8.01164738640903
5298,7.206801349612765
5299,8.23647958714755
5300,9.060563900892221
5301,1.8624531696438449
5302,10.63117588563547
5303,1.3643458541086313
5304,12.421224654636971
5305,7.846431004716901
5306,3.444412317558416
5307,13.395254912358066
5308,0.5244480962741759
5309,8.856412215107635
5310,8.13161016735173
5311,1.3740331609092495
5312,7.106800721410966
5313,5.232813820827858
5314,4.021348314981659
5315,8.151279251692646
5316,2.085060463353486
5317,3.894508338196154
5318,10.539830465323504
5319,7.142514678637203
5320,2.291745963157794
5321,11.090260397184887
5322,4.73301749145354
5323,5.1841717297660646
5324,10.350208024693245
5325,1.708752555819926
5326,9.26700100712141
5327,5.812448312307274
5328,8.182509102562891
5329,6.8233887278519845
5330,6.286050720599147
5331,4.466504693616625
5332,4.808625656114578
5333,5.089599261690222
5334,7.057069292571312
5335,1.7946623888789988
5336,8.638215509326328
5337,5.298393541951217
5338,4.40938985245784
5339,5.5781235236835895
5340,2.39905115816051
5341,7.023200985536447
5342,4.5572427017125126
5343,5.533167388658132
5344,4.97212858878668
5345,5.244837915391712
5346,5.541118868222657
5347,6.163001180219906
5348,3.9996962867966066
5349,5.536825281808709
5350,4.993014639067948
5351,4.015825784568312
5352,6.289036754619977
5353,1.2325800212656952
5354,5.061997847857435
5355,8.654745137421946
5356,3.351549843876091
5357,3.7735685909946812
5358,4.966669205204137
5359,3.530613285631782
5360,3.6877555858665905
5361,1.9658628807874097
5362,2.5300131790222125
5363,5.180473149828352
5364,3.772055375190464
5365,3.9562736537514653
5366,2.4565167164066395
5367,3.418778876904187
5368,3.0694217262484997
5369,3.330173120570941
5370,3.581763074301462
5371,5.817652363031184
5372,1.0302007977090033
5373,2.2573091403595793
5374,1.764531317297682
5375,3.0161248727957317
5376,0.22739044661483399
5377,2.553330629382042
5378,2.173281253384407
5379,3.2631218205408152
5380,2.1039184238401996
5381,0.6106745617507796
5382,1.1524503600172358
5383,1.8327653513734325
5384,0.30667701019845395
5385,-0.2765895709527213
5386,2.605103532814745
5387,3.8251726610329775
5388,1.9066979403989561
5389,0.5097102486345292
5390,0.48825916389657675
5391,5.33784523328768
5392,0.5627908917622918
5393,5.994601218318867
5394,2.2349285771767082
5395,2.3830063819934924
5396,1.6015109506233274
5397,4.4514607414150404
5398,-0.7176393029474784
5399,4.028243444112603
5400,2.6391917094581245
5401,4.056429391098532
5402,6.526847657322943
5403,2.90916759145993
5404,5.530527662900318
5405,1.7268361488307364
5406,3.2965263721116664
5407,3.339322665796155
5408,4.562732894264475
5409,3.3844254707468346
5410,3.942646311064268
5411,6.757771766889141
5412,1.1400916003063266
5413,6.503581285603585
5414,4.2019791692507695
5415,6.2696387256650645
5416,0.8154939092189286
5417,6.60955868300641
5418,6.6432376755618865
5419,2.5317456520452035
5420,6.704582280455931
5421,4.543063551923697
5422,1.9693480852079046
5423,6.8118359689810095
5424,5.947775404283693
5425,8.542430163600239
5426,6.41781828523107
5427,6.64523629008565
5428,4.218423381906317
5429,4.724878803636225
5430,7.512527319386464
5431,8.789483713273997
5432,3.14993258945868
5433,6.027796566779492
5434,5.973072396070669
5435,5.854753080688081
5436,10.433068063265942
5437,7.4820667617169905
5438,3.97954881963356
5439,6.536622894124844
5440,9.492451702236472
5441,10.062661857004514
5442,7.62430643078335
5443,8.71177115723301
5444,9.037849077383758
5445,6.665586838180313
5446,9.489687177204965
5447,9.021353241489672
5448,7.5413953819002115
5449,7.791918411726962
5450,9.317113171029156
5451,4.493190277257797
5452,9.691633224374755
5453,8.819336833401238
5454,5.317101179787561
5455,7.548132194504781
5456,5.955768662272597
5457,9.619145285004393
5458,9.500154302897018
5459,5.491197374041339
5460,10.998563358466223
5461,5.798872922996658
5462,8.82994676684525
5463,8.920692901332187
5464,7.656245194496747
5465,6.581751664326789
5466,6.483960302852946
5467,8.899633478010644
5468,5.850933046622302
5469,6.567228784993253
5470,7.02519518441414
5471,5.956154683469459
5472,6.510424532729262
5473,7.129425812663295
5474,3.543501584463203
5475,6.6634069105071925
5476,10.692634664615998
5477,6.636543244366506
5478,5.311545043988337
5479,8.695254071042845
5480,6.3449121503021955
5481,5.91882122550865
5482,4.3107557691633085
5483,7.1731873557435195
5484,7.325598064825704
5485,5.8029942857850925
5486,8.022179539246093
5487,4.538454700896037
5488,3.343091388095322
5489,7.761211422954571
5490,3.357734525305525
5491,6.244054992512575
5492,6.140269256100592
5493,3.252275692082996
5494,7.253454455162825
5495,2.547115868540908
5496,5.193319447991867
5497,7.449592629359036
5498,5.440673851980518
5499,6.930254988975582
5500,4.93290880986133
5501,6.979456804962801
5502,4.4774960343014
5503,4.625502688296089
5504,2.650606347957437
5505,5.14887070742086
5506,3.3852741387811243
5507,5.625168218567142
5508,0.34335629654626687
5509,4.534014176874777
5510,5.454075111581218
5511,3.096260812245466
5512,7.044910740653891
5513,5.533080577916768
5514,3.3274151513606705
5515,6.933447772772865
5516,1.1968894942716095
5517,4.713742760494184
5518,6.326856656017492
5519,3.9456606352681045
5520,3.350025575542194
5521,1.5335717596030796
5522,7.095658165887276
5523,3.838891783388972
5524,4.342506761677442
5525,5.3605589080289695
5526,1.4047712111225885
5527,3.8037066304462375
5528,1.9539646255983338
5529,2.741179915818574
5530,3.8488980165529676
5531,1.570315303073542
5532,2.5262652519610027
5533,1.420424202444261
5534,4.281241099158114
5535,0.5196797024356979
5536,1.3516321357145893
5537,2.595319512368307
5538,1.2188409102265108
5539,1.0261205560870774
5540,0.10190093609991051
5541,4.67399174370166
5542,-0.5177500860393591
5543,3.4974745070920714
5544,-0.731545412117776
5545,0.16072135534053814
5546,3.5931865946600463
5547,0.3896976607052111
5548,1.7311125197948511
5549,2.8284515604863
5550,-0.04714504258716135
5551,5.975553167432188
5552,1.1120215248089351
5553,3.410915021977643
5554,-0.004703872955139706
5555,5.118464612958401
5556,1.8571294808384862
5557,3.3453366947428527
5558,3.0928543245790783
5559,3.3429117722341877
5560,5.238138296452308
5561,0.5460738365857934
5562,2.7135301226136748
5563,2.129914736831457
5564,0.3968148819785989
5565,4.321138010502922
5566,2.2516966790874333
5567,3.330750437712267
5568,3.7791584923087487
5569,7.478012988804615
5570,4.431839156328931
5571,4.861782685221044
5572,6.431347557425499
5573,4.572838886771487
5574,5.489966597314317
5575,5.8889264131968275
5576,3.266352631345279
5577,2.749579170600711
5578,9.170896053552129
5579,4.554957315263751
5580,5.062471484747057
5581,3.4570446279543985
5582,4.371451107363646
5583,7.233654045219747
5584,6.453031866302031
5585,6.820198215510233
5586,6.617719255941297
5587,4.450158197769121
5588,9.609513564230195
5589,3.8555485466316957
5590,7.223826798543027
5591,6.17353851259261
5592,5.139908200088357
5593,7.247620996737981
5594,6.576528216134223
5595,8.427031492036516
5596,7.559633633594906
5597,5.9975352064256215
5598,6.869191733011693
5599,6.265529153866471
5600,8.873491431680291
5601,13.188339552242192
5602,3.141470045512063
5603,8.426274696242247
5604,5.5683160572208905
5605,6.592346122075978
5606,12.653890944772057
5607,7.618310228401497
5608,7.454529363308843
5609,7.759353694794005
5610,7.247568407836353
5611,9.596123944901228
5612,6.011957534044999
5613,9.805539394238771
5614,3.711896503230415
5615,9.265600517693573
5616,10.759463658156895
5617,5.0928203310758065
5618,12.143552351478956
5619,6.347462499250842
5620,8.383052835418555
5621,6.59367331867828
5622,6.387202012957347
5623,7.469701100516336
5624,9.882748668404831
5625,5.718690917710468
5626,2.982939208707229
5627,9.923014946121922
5628,4.099299447520303
5629,4.328943802787892
5630,8.003119163073826
5631,7.1333529667193885
5632,8.190559070372203
5633,6.418492659717642
5634,10.01375128687119
5635,7.769422549049383
5636,3.068540687882137
5637,8.058494805141525
5638,8.609583316328253
5639,3.069356400471198
5640,9.982177476256792
5641,6.177189345404064
5642,1.7479137080640272
5643,9.86701876518231
5644,3.5890148924776817
5645,6.89760896434102
5646,10.349465156497393
5647,4.891569101342373
5648,8.023200360205125
5649,4.370164623625583
5650,8.766821057409425
5651,0.6187811828986002
5652,8.078924224704625
5653,3.780792089030196
5654,6.896487304518481
5655,5.889570572999651
5656,4.830354048740279
5657,1.3514393308603063
5658,5.956845282720277
5659,7.208739045205017
5660,2.343309332956084
5661,6.669558364294171
5662,4.435575881274386
5663,5.52219277648294
5664,2.969482907077396
5665,4.7040529649307254
5666,4.66117982870125
5667,6.0429306000402
5668,2.727323635489067
5669,5.299001975867286
5670,2.840529099620992
5671,8.716104474852909
5672,5.960499146890945
5673,2.431509734821818
5674,3.9626741053033054
5675,5.0276047980019705
5676,5.940181661579005
5677,3.7169319516441153
5678,1.1621625666196342
5679,6.4842528710091285
5680,1.5322754284231859
5681,3.277812081110413
5682,1.863172056040687
5683,3.7040434705830365
5684,5.951292568195142
5685,3.2436486231971604
5686,3.2970378201035526
5687,0.7571193285106198
5688,3.6201240185978385
5689,2.1834666432125034
5690,3.924423270253895
5691,1.331858853881328
5692,0.9766144146350854
5693,2.05219348404427
5694,1.8898190460714135
5695,3.7664876064143122
5696,2.518240734203132
5697,3.606789515718985
5698,1.5752686015981825
5699,-0.46743061909423655
5700,4.27813315519552
5701,0.0877316838549837
5702,2.0611909113497258
5703,3.082602413083947
5704,0.3868137640436247
5705,-0.7882696907403137
5706,3.9127589211341474
5707,0.19269371390526674
5708,2.0174194546445396
5709,0.9721688359358994
5710,0.8634128827019885
5711,2.0148593604585376
5712,3.815525578025124
5713,2.3437766878991906
5714,0.45208647700258625
5715,6.677361960349297
5716,0.6181431162006168
5717,1.911328659260608
5718,4.38891488265834
5719,5.248016925254131
5720,-1.2045948177372068
5721,5.27356555881578
5722,4.860964908326535
5723,-1.2585573450273901
5724,5.3375985417128655
5725,0.8667782845148627
5726,3.7198284360960603
5727,5.998595445178657
5728,-2.6167106503297455
5729,6.836732716550792
5730,2.7314238865191984
5731,4.47426878002231
5732,4.142363792297426
5733,7.324457731864924
5734,3.5350619266892203
5735,7.572837482396385
5736,3.7024495374291533
5737,5.1548015399960985
5738,3.0205003233869734
5739,4.84391927017993
5740,2.6396520232070886
5741,7.054034742710514
5742,4.2784445919554175
5743,1.2766193683061078
5744,7.264903744067397
5745,4.312327470404296
5746,7.797742705544322
5747,5.783877039795559
5748,3.6661114744917054
5749,6.556517036226765
5750,6.210351568641311
5751,6.648898488141433
5752,4.931780409657072
5753,2.9507877364077633
5754,10.130189084616365
5755,4.654001239551975
5756,8.121812857285423
5757,6.5575309367837455
5758,7.27378896727446
5759,9.630990053428858
5760,6.859387933893911
5761,8.988679996955561
5762,7.583348569804233
5763,8.293101446896893
5764,9.358212854519955
5765,8.536621861619485
5766,8.647213136155981
5767,10.387038507352443
5768,10.053788857884411
5769,6.862995078561358
5770,11.13215838197653
5771,6.105235832463154
5772,9.504839058942606
5773,7.4391008223147415
5774,5.9116646135279165
5775,6.45542575859951
5776,7.458706150106746
5777,6.096426141460166
5778,7.515706913040944
5779,6.720920579722314
5780,6.573314189812237
5781,8.205182441779732
5782,6.273507379120284
5783,8.48394321233145
5784,9.679378263440631
5785,6.47332969327942
5786,8.65233857001583
5787,4.596006925977824
5788,7.6084430058241495
5789,9.950661241018798
5790,6.083469170290406
5791,5.622282258232441
5792,9.57259721861295
5793,8.580699700848577
5794,7.602316238168634
5795,4.925657182483509
5796,2.3369214348867486
5797,4.990493293320598
5798,8.073260041085545
5799,6.720003954795503
5800,7.448172403160943
5801,4.532771502121201
5802,3.595720358330171
5803,7.493787167125553
5804,2.8732896126828975
5805,7.113444346099013
5806,7.795604758612337
5807,3.2811456466892523
5808,5.335993377719056
5809,4.570947038131554
5810,4.189005048464488
5811,7.328137923419944
5812,6.174735718179275
5813,0.8094786591366356
5814,7.34001396070752
5815,5.428437818493973
5816,3.1167059558738295
5817,10.232185808298722
5818,5.682953121332821
5819,5.446019642393763
5820,11.57221837752065
5821,0.9327768218765035
5822,7.527357489652188
5823,5.386661694859026
5824,3.2748727902049626
5825,5.138564052780941
5826,5.23626358811429
5827,6.325257680190483
5828,-0.2904354606605959
5829,8.936486220097875
5830,1.8843915967052238
5831,0.8292276897929883
5832,3.2923715210643665
5833,5.004674831411916
5834,6.074408191914732
5835,5.015609645887388
5836,2.0097132377023614
5837,2.961297630501785
5838,0.9467416205119831
5839,4.3817925828946676
5840,2.8250989137524627
5841,5.595819601638274
5842,3.530155074758597
5843,3.282095756824951
5844,3.9659083793291194
5845,3.2681691420487256
5846,3.3716726336263463
5847,3.989068258610485
5848,1.695477699968026
5849,4.565647034622546
5850,3.113207739435616
5851,0.21017033438576488
5852,0.8845503653679684
5853,4.248181354942431
5854,3.173714765583069
5855,2.735372424427279
5856,1.897514328164825
5857,2.3895223190159913
5858,1.9580257344695875
5859,1.6383051079092086
5860,0.23502709527920593
5861,1.413175066066867
5862,0.8275020026764555
5863,1.3485768439151806
5864,1.1156446675957883
5865,3.8607196252270444
5866,2.02581678719479
5867,2.8690911372866648
5868,3.0440847209695354
5869,1.2517887066219324
5870,-0.46245596579224424
5871,2.9781514869682453
5872,1.4989494240640475
5873,7.126431071343216
5874,1.2936473563706559
5875,2.833074228787635
5876,1.983052020123109
5877,1.3093605517153981
5878,1.4737423866230401
5879,0.8200032068006475
5880,5.81489976251732
5881,1.0464056834865654
5882,5.461782117411235
5883,3.9378575086082517
5884,1.5417212940999097
5885,4.543366229938736
5886,0.03305840796198618
5887,4.941405003719295
5888,1.6746915628832582
5889,5.411085298066606
5890,4.466967808588481
5891,5.292390545020646
5892,1.6011253490656048
5893,4.06743353350145
5894,7.770647277061264
5895,2.3053706513206023
5896,2.1084318601344427
5897,8.422206625047002
5898,4.583134872871795
5899,4.632774062992522
5900,7.096428430006348
5901,3.002266807838345
5902,6.304988117464905
5903,4.32593214180747
5904,7.624807354848151
5905,6.412379238123851
5906,7.6362133673314325
5907,4.956588098959487
5908,9.143709421000823
5909,6.245350364605383
5910,3.392684196388607
5911,6.1173452379263304
5912,6.152075553064506
5913,5.549389979687671
5914,7.895949239338169
5915,5.690213790639267
5916,6.4321879472637065
5917,7.896232551705208
5918,4.539834908990719
5919,7.687576485446655
5920,9.28746957422273
5921,8.183186935245901
5922,10.07783736059704
5923,6.136313767275743
5924,11.614232057209078
5925,6.468717808185954
5926,9.99909420484758
5927,5.363641861294035
5928,6.527037149726693
5929,7.91213573045777
5930,10.8651252066046
5931,4.1053242278932265
5932,10.60577136266637
5933,6.104588097140922
5934,5.533899945132267
5935,10.969838765918041
5936,6.231052448955691
5937,9.222663730828875
5938,9.796183853651085
5939,5.939614766696832
5940,6.4137656117135435
5941,11.828519281353417
5942,7.241023108249053
5943,9.235424876062472
5944,5.371400929295788
5945,6.398399940012036
5946,9.96214685739515
5947,11.059443058220397
5948,10.845752031084048
5949,3.500276506084727
5950,7.785939316964034
5951,5.48433883762507
5952,5.709180585281736
5953,10.606222806770518
5954,9.852635214706746
5955,7.847223253683733
5956,7.612946417226465
5957,6.583590828577918
5958,1.7825540999736498
5959,7.531767092721495
5960,4.991842815291541
5961,0.9890354047513698
5962,6.437824013991833
5963,7.712407098943074
5964,6.307593889032742
5965,7.054323329712049
5966,4.953371609327156
5967,3.2152274802100904
5968,6.236535012761705
5969,4.938135895620939
5970,5.301875082355203
5971,3.865628118165301
5972,5.620244132963578
5973,4.645756354886191
5974,9.130029015735108
5975,6.612288013054105
5976,2.8812333051793866
5977,2.8506057539586234
5978,7.390828016098323
5979,5.138963403938838
5980,4.9521375959619816
5981,7.056245317535185
5982,6.231295195280362
5983,5.000548082667976
5984,4.698323805267273
5985,5.857878950423546
5986,5.100035454217703
5987,3.713787960596031
5988,6.469931083181362
5989,2.131909087649863
5990,3.9873605524708595
5991,7.6707593520104105
5992,3.1043908354993754
5993,7.345583973124952
5994,4.7933279007386576
5995,6.620653340866038
5996,2.8089626251424473
5997,5.700096896703746
5998,4.4721425429904915
5999,2.1533444672327415
6000,3.9168729259217674
6001,5.721903821965717
6002,3.4364447627417913
6003,4.148495542817245
6004,5.85667430114873
6005,-0.31705703541581476
6006,2.967506930688662
6007,3.218067517402357
6008,0.4048739902484695
6009,3.645894119157108
6010,2.206269362086505
6011,1.6280692947431157
6012,1.5190152337185774
6013,3.6117907307907084
6014,2.987309108518552
6015,0.7405038256004657
6016,-0.03341200444559999
6017,2.3859366926615384
6018,0.7640288971654102
6019,1.5350902985316397
6020,-0.6237649713503398
6021,-0.05239425005887513
6022,0.965610973294403
6023,2.118403402772161
6024,1.0862259974347284
6025,1.4673446669019674
6026,2.245214995406957
6027,2.3271451805182957
6028,5.903652812701248
6029,2.2837248269225614
6030,-2.198713495886962
6031,5.432718812912692
6032,2.508155170683885
6033,1.250017993271148
6034,6.452044482478482
6035,1.3186626469080478
6036,3.5167033295043777
6037,4.398469933113959
6038,2.2148735827659194
6039,1.9508223224322656
6040,0.9317083099619975
6041,0.3097021513235574
6042,4.259162673686437
6043,2.956970409329289
6044,2.2531432001241174
6045,0.9733824696410975
6046,5.14717759093042
6047,3.15441900072463
6048,-0.21403360049937245
6049,6.11276718292216
6050,0.26859532453664164
6051,3.317556938182214
6052,4.883836387982949
6053,1.3798483597695261
6054,3.6938631985218495
6055,2.710089012326913
6056,4.293117546791883
6057,0.6805772640610293
6058,5.718597709266197
6059,3.4060780079089015
6060,3.0765546607631586
6061,2.4248824112850227
6062,3.777625143807437
6063,6.430903559229112
6064,8.667013841639433
6065,5.900939827257845
6066,2.9785279375610947
6067,5.523471573979844
6068,3.2791879901062155
6069,6.285917035409317
6070,6.030206094986589
6071,3.832971651291055
6072,6.440151194646637
6073,11.006599492036507
6074,7.064974938682152
6075,5.627989836493715
6076,7.1654559600539685
6077,7.3068373060854235
6078,9.950416187377103
6079,6.8203717784474245
6080,7.574851831681225
6081,7.474344793483027
6082,9.626760493107241
6083,9.025280970792766
6084,5.556660855557401
6085,10.650931487914026
6086,8.911774291698011
6087,9.875565043839782
6088,6.891718645616191
6089,7.93706263039637
6090,6.87847419420907
6091,10.331574450849565
6092,8.925387879353858
6093,5.560955408007278
6094,11.228383857066122
6095,9.521420065350187
6096,8.464491106320457
6097,7.588389597149791
6098,5.838169268763219
6099,10.558823407324581
6100,6.503419039055687
6101,8.052644857980104
6102,5.171311570447304
6103,5.079339604543343
6104,6.190197188199871
6105,8.871188213395117
6106,5.85162571425929
6107,9.525704905461382
6108,7.846568016987053
6109,8.34084994825257
6110,8.640430893151658
6111,6.599557467733033
6112,4.839119210014278
6113,10.723289525733188
6114,3.425532968558802
6115,4.8105479598800525
6116,6.028466045432725
6117,4.338772984994594
6118,6.402574502804152
6119,6.575859539357989
6120,6.487753532091876
6121,6.178845971463755
6122,5.262860377226495
6123,5.27251358349786
6124,2.3527978203174693
6125,9.19552181706383
6126,6.098017048077347
6127,6.361546715404177
6128,3.397487331483816
6129,0.8351074734578752
6130,5.312541950780279
6131,7.743288762524639
6132,1.2107476327839408
6133,7.034813243633195
6134,7.9197541209053846
6135,1.3485301989105654
6136,8.082212195710076
6137,6.6321625241989635
6138,2.097030961861566
6139,9.237419734689057
6140,1.8512631522281227
6141,7.759464230402025
6142,3.5231339591086273
6143,7.323628190861075
6144,7.073649817825763
6145,2.7571880379302147
6146,8.106360675498015
6147,0.9831446258470219
6148,7.476591056368497
6149,5.4409703024554466
6150,3.4483289881649606
6151,7.093343861206396
6152,6.133608191248521
6153,2.532644649565353
6154,3.297352104526115
6155,2.6439528301431703
6156,7.744102306125105
6157,4.865751155032992
6158,3.3915778219735944
6159,3.0580724954319427
6160,4.384392000699148
6161,3.978027721670804
6162,2.760355695061763
6163,5.683114478052048
6164,4.8771578926534485
6165,2.97667535183791
6166,2.3622977245544106
6167,2.750097666311173
6168,3.979532294848106
6169,2.7491345295169296
6170,1.2871297546013567
6171,3.0219118573131083
6172,2.0658737293180383
6173,3.652962899961499
6174,4.5514524649118995
6175,1.4853028538894912
6176,3.7363740364120974
6177,4.031324153308316
6178,2.676515149687417
6179,1.4813391507744051
6180,1.0839077208886485
6181,1.8296643463793008
6182,4.266932882721776
6183,0.40832028401822823
6184,-0.6753014818431481
6185,-0.5319206216112661
6186,3.0821881449569464
6187,2.5559441422560307
6188,2.4769489426669806
6189,1.8106802349274185
6190,2.5135133697971175
6191,5.935061242570526
6192,-0.09979297011741896
6193,4.526729622072852
6194,5.168608908221251
6195,0.7147210684294891
6196,8.735164317493506
6197,-1.1569938260765575
6198,3.349898184604082
6199,3.908732842140756
6200,1.360455608870428
6201,1.6605726735865145
6202,1.075496880154295
6203,2.2577052820016843
6204,3.9101117178694538
6205,4.160394227736822
6206,0.5892883016666857
6207,6.8712653233854395
6208,1.8102545528026865
6209,3.892680606549188
6210,5.071263394664482
6211,3.2690415354358975
6212,6.781283742501067
6213,4.515476922936286
6214,8.849724867059232
6215,3.188027322611338
6216,6.661568987488162
6217,5.611056749766407
6218,5.957642461831647
6219,3.6792911735885885
6220,2.0094530694889303
6221,6.9233266055211455
6222,6.8208444283675655
6223,1.0853725291507177
6224,6.016266245473324
6225,7.539493984120803
6226,7.0521541744131655
6227,6.373003955163951
6228,9.325810770999789
6229,8.691923442695554
6230,4.600705352743936
6231,9.04977182193794
6232,3.617923720687885
6233,7.138672381531034
6234,7.508062265513156
6235,10.45893584853851
6236,4.816193748102955
6237,6.217408016727022
6238,10.386549046919345
6239,5.886704293390801
6240,8.951811553016103
6241,6.727504104619123
6242,6.822521832272137
6243,11.251476913985496
6244,8.896973094827654
6245,8.078978178814475
6246,7.047953920763555
6247,7.66549634093943
6248,8.128202665873422
6249,7.1018365308905835
6250,6.022125108538871
6251,5.250424780960474
6252,5.778424815810389
6253,10.912983030302865
6254,6.613012617290509
6255,10.09766340075794
6256,8.153316183189546
6257,7.755402986411732
6258,5.018059064063361
6259,6.378407636666562
6260,6.500199137250407
6261,7.607523387992825
6262,7.398445714594505
6263,7.6610042034332535
6264,10.093545396677055
6265,3.393755117583696
6266,6.128795032364306
6267,8.261606052354152
6268,5.570604782892853
6269,11.70544933702644
6270,5.628116927829245
6271,9.046219477817978
6272,5.334694163541809
6273,9.855179212619698
6274,5.372014883606151
6275,8.155451342509748
6276,11.732616303448806
6277,2.5393596871240676
6278,8.143043772352332
6279,6.239813871778072
6280,1.7265350043295224
6281,9.157757640454191
6282,4.702288909767229
6283,2.8278165449309465
6284,6.436685236173756
6285,10.171912393862508
6286,2.322100956182989
6287,5.9637793652552755
6288,7.319074348762903
6289,4.095316945142957
6290,5.481598464011808
6291,4.622485336361816
6292,5.447621972490374
6293,7.302406877316785
6294,7.305662996372765
6295,6.437498209533949
6296,4.069639277029213
6297,6.267732997771815
6298,8.304397910871794
6299,4.525818668967737
6300,4.561980699135252
6301,4.166069757304285
6302,5.14453560894608
6303,9.397892424213552
6304,5.862153484169775
6305,1.8547022425341249
6306,8.504413622192628
6307,4.512990149271028
6308,4.324836608447048
6309,7.528645515339021
6310,1.4675318244281248
6311,5.2004488232870365
6312,4.714246252519367
6313,6.136526266558732
6314,3.509448719135118
6315,5.8874766031133055
6316,2.163512853806333
6317,3.848884452223307
6318,6.6866732261342765
6319,0.9319593986952651
6320,0.057210130476800354
6321,6.171096878969183
6322,4.170127195534454
6323,3.380488812084522
6324,3.6414476070085384
6325,3.2172984049137137
6326,7.029759990238933
6327,0.6846533847884767
6328,4.71578304256217
6329,1.1248293072457676
6330,5.545073159749631
6331,3.0915280762737303
6332,2.624067685515183
6333,3.879411726867028
6334,1.034399700828681
6335,4.60758214159532
6336,0.6058223011574269
6337,4.104095595457053
6338,-1.0064708507549562
6339,-0.6256081348157784
6340,0.9342274139558505
6341,0.9661498052969552
6342,5.403719588250482
6343,0.492681921672852
6344,2.621398174818865
6345,-0.8815999818054873
6346,1.5704827375473387
6347,0.5275414010689439
6348,1.6699685857059308
6349,4.073165904306733
6350,-0.2944917893537809
6351,3.0263617706256136
6352,1.5390996791689904
6353,3.7330215811245413
6354,0.11301109611259395
6355,4.692606332027187
6356,3.147110591811234
6357,5.266050472794515
6358,-0.4477705357982739
6359,5.024174963073203
6360,7.238387591191729
6361,1.7549089543007195
6362,2.931760939056259
6363,1.8622628806583625
6364,3.7708902556796313
6365,3.283316614658082
6366,1.9403935150384128
6367,3.751062491261747
6368,4.202332835063361
6369,5.160932026995191
6370,3.635947976950099
6371,0.5241137363455128
6372,3.9554266405858187
6373,0.6330190095988388
6374,7.148777581804526
6375,2.6706948151533907
6376,5.796031701961645
6377,2.094748998513451
6378,2.3434398323929577
6379,4.775353239827109
6380,4.518414767488266
6381,0.789625632407851
6382,4.755756553876574
6383,8.666736951633824
6384,5.919908780326502
6385,7.055876144688878
6386,2.3470427682170762
6387,9.422676765660187
6388,3.126312976751469
6389,5.942281048456488
6390,4.862363275056374
6391,1.4385837653596396
6392,8.633307206594235
6393,5.131740351816276
6394,5.040104332214475
6395,8.11938472335685
6396,7.2604102453923085
6397,9.332746804135285
6398,6.515268229571599
6399,3.33754072155299
6400,8.931036220885206
6401,8.435544863166326
6402,7.529679359543909
6403,6.191817510425636
6404,4.957284498061051
6405,8.415678121891334
6406,10.129112454188677
6407,10.676201250284695
6408,6.353310946911267
6409,8.731110213995985
6410,4.740905752640461
6411,7.63984696956715
6412,8.128450064993556
6413,7.799356201543184
6414,7.013059594370126
6415,7.449492495402325
6416,11.706688250404762
6417,6.584663279386073
6418,10.04938703128396
6419,6.010465424260834
6420,13.338336650334915
6421,2.362281321698349
6422,5.937227176095249
6423,10.427257589340181
6424,5.932760753202339
6425,6.883684984540622
6426,5.929546248183995
6427,6.521485262544164
6428,5.5388834661183175
6429,5.326988040016662
6430,2.8853612104941275
6431,4.534501220888588
6432,5.308803725140357
6433,7.114311754865476
6434,4.6962173896218715
6435,12.98378303022818
6436,2.507210305384994
6437,5.8525606204172185
6438,8.189102530434251
6439,3.34547073758189
6440,8.446195088655335
6441,8.302084555670486
6442,1.8284344886020027
6443,6.277965429411631
6444,7.925444510731225
6445,1.6030392914285851
6446,6.948294138162124
6447,6.67866901021026
6448,3.1355847859634904
6449,8.211847158401866
6450,5.090073711245285
6451,6.545006688554528
6452,3.188306792296346
6453,7.737872705363459
6454,3.2896590878217635
6455,2.260742713831432
6456,7.519555533957655
6457,3.338403634104752
6458,6.7169035929051075
6459,7.188223110290852
6460,0.12238577480335101
6461,6.8539829773303165
6462,3.834018588822898
6463,3.9633166178992223
6464,2.7242647855047366
6465,7.271556844514902
6466,2.01033824630828
6467,3.6246169964466897
6468,6.091690397399599
6469,1.394618723292901
6470,6.255091408857405
6471,1.1372986987574356
6472,6.077568648238927
6473,2.1604674626203257
6474,6.028162402509292
6475,5.980280532177538
6476,3.203869335621241
6477,3.7778531337242978
6478,1.4577320999600316
6479,4.1486812005469975
6480,6.323553499255959
6481,2.9070560326072235
6482,3.6328438684855766
6483,3.4123022512266346
6484,5.025420880109214
6485,3.2832558472776223
6486,2.3757412192701577
6487,2.857616675804922
6488,3.1257821726455286
6489,3.393238785248942
6490,4.141414960954252
6491,-1.2050838288053014
6492,3.6149394534735797
6493,-0.41934724621319813
6494,2.7314000751880743
6495,0.7199641284043095
6496,0.3670344602003698
6497,-0.7025426960183517
6498,0.8067369526196045
6499,-0.3827543030232386
6500,4.121256258615866
6501,0.8470235384523205
6502,3.1980644786719554
6503,3.0170434787082137
6504,4.4787763839935435
6505,-0.5249474597241257
6506,6.071126157490777
6507,-0.4002502919962587
6508,-1.4062766154941773
6509,5.948532730445135
6510,0.33054548297402164
6511,0.9597107625422842
6512,0.6364371591401959
6513,4.024828084964722
6514,4.245572793542836
6515,0.7315368994794316
6516,2.440539102639733
6517,-0.3928378780858828
6518,6.111709908442664
6519,4.933750868924581
6520,-3.67773013438015
6521,1.1657246250877613
6522,1.159341757089311
6523,3.871420552489541
6524,-0.630405883543287
6525,0.07023264995918495
6526,4.423662296441081
6527,0.38100067150905353
6528,2.635044554141821
6529,3.5220691429773754
6530,4.542783848807168
6531,3.2458741427064624
6532,2.1954674865724
6533,1.6084913993802668
6534,3.4690468918750166
6535,5.009941531987142
6536,3.744007547872689
6537,6.874374925556496
6538,5.7398114870648484
6539,1.0493544732073923
6540,2.6921531425424816
6541,5.3249980700332795
6542,5.976786717541824
6543,0.18203793718596936
6544,7.528783061244959
6545,6.139422943938196
6546,5.579405120544679
6547,4.938980939724562
6548,6.705697330164607
6549,5.593382358523152
6550,5.955887193930001
6551,4.442501001594047
6552,4.3479172065603775
6553,6.052248817633357
6554,6.581931841186407
6555,7.59859742509742
6556,3.8659394976921764
6557,6.645779895625111
6558,5.9120297803765185
6559,8.421144175905457
6560,7.3223493022068515
6561,5.79802800800539
6562,6.66110661857546
6563,8.166107791211454
6564,9.212590773850302
6565,7.891386406777339
6566,7.253833246945366
6567,8.704254735457956
6568,4.384044354621366
6569,7.6633377622999115
6570,10.302660962918981
6571,8.164217516644294
6572,9.597037162758769
6573,6.6779020060630465
6574,10.392083716259936
6575,8.963008291230004
6576,8.113513430461614
6577,6.478497150506038
6578,5.848965737094605
6579,4.90651755151294
6580,9.274472725554519
6581,4.1110280175440606
6582,7.4070809618356845
6583,5.655848964498782
6584,4.158494017709152
6585,9.440170304573435
6586,2.8286898147532162
6587,10.864681331082211
6588,4.5825756530779875
6589,5.460487560429846
6590,9.678642430359796
6591,2.849634921538292
6592,7.54697877266327
6593,4.771913031265536
6594,3.239603971089922
6595,7.347736055478054
6596,4.759422968642534
6597,5.355628566672862
6598,7.825184102099661
6599,6.9939977033072145
6600,4.394782004248337
6601,7.162655843908143
6602,1.6005550895294303
6603,5.015274866123221
6604,6.889442136127857
6605,5.987872508925763
6606,3.922456233850332
6607,2.717008768887114
6608,3.3751026228489307
6609,7.785488559205965
6610,0.6149990194634876
6611,4.785978725379754
6612,5.455075648776834
6613,5.135055941030105
6614,4.5847869507155385
6615,4.997040614670362
6616,1.5289756503864675
6617,3.510000266601874
6618,5.455382648274186
6619,6.785394669544394
6620,4.28006301040275
6621,4.389213504212298
6622,2.4236376165050983
6623,5.83926745229581
6624,5.286193120850468
6625,5.304688190725224
6626,1.8331214879493798
6627,4.932731784577743
6628,4.543926801294521
6629,4.94216056213186
6630,3.2102610051546927
6631,1.7199060998413866
6632,2.3245452916744536
6633,0.8005010074578606
6634,5.325067286317338
6635,3.2501277311337384
6636,4.269986898928359
6637,3.9097404573221453
6638,3.5611701844775348
6639,1.5335076613243739
6640,6.138443612909168
6641,3.167405884798623
6642,5.545139193429879
6643,0.7913924247448838
6644,6.519641280302948
6645,5.096043327602075
6646,2.7163698404068173
6647,0.4576676553108398
6648,2.8073803469045187
6649,0.1860910634063784
6650,-0.6255709674814133
6651,3.071921295013152
6652,0.8737289050516126
6653,4.382364566726972
6654,0.4895095749191614
6655,-1.5227915014527142
6656,1.2735694792469425
6657,1.1083811884758865
6658,0.2212648486869098
6659,4.601631883457004
6660,-0.49809848983154753
6661,1.3211683649810946
6662,3.2511227745431874
6663,2.0872001461266034
6664,2.2644086920125748
6665,1.667471847238303
6666,2.334605059962169
6667,0.11613988210305443
6668,0.9923228500755261
6669,3.7853105392069475
6670,-2.717430533501993
6671,6.837858778967878
6672,-2.2019026443875886
6673,3.761602225873106
6674,0.2903195924298166
6675,3.682076724572969
6676,5.7044387556268585
6677,2.0831007370654158
6678,2.6525905060354367
6679,-0.9652589968400179
6680,3.0698962438992137
6681,3.1835635350762375
6682,2.2385951902763614
6683,2.439366691362834
6684,3.6765855060878443
6685,3.369176979160835
6686,2.3338138431940108
6687,2.7773846643276525
6688,2.9068382947332774
6689,3.803923897254183
6690,2.6024323146835733
6691,6.860127270214118
6692,2.1414588996706754
6693,4.4374041145418195
6694,3.802466396766143
6695,4.20856720457298
6696,5.777554390806183
6697,3.109601881116956
6698,3.6307377748032397
6699,1.821100773779714
6700,5.212268596409211
6701,3.1305827006868228
6702,6.492217383206311
6703,5.408494224892014
6704,5.454622318408139
6705,3.896059490328859
6706,6.430767781230913
6707,4.577403844697661
6708,6.336210371300458
6709,7.394007153176989
6710,3.3046785800912803
6711,6.84153883375611
6712,3.3701288178071316
6713,10.019811932459888
6714,3.7251441466811674
6715,5.909741877145082
6716,9.766930630306412
6717,4.945333468148678
6718,6.070373505789035
6719,4.163871770366358
6720,11.048942758284497
6721,4.861418802482228
6722,7.021203871873124
6723,8.637973288195482
6724,8.327309168869663
6725,7.1596597838619145
6726,6.2597219680441745
6727,7.9397686091210335
6728,7.001361537351113
6729,7.632648900981616
6730,7.543973258866312
6731,5.08775636243431
6732,6.371863102747472
6733,9.056119286002136
6734,5.354297684838738
6735,8.377612276405639
6736,5.289168998698942
6737,5.723189474316342
6738,8.312957361267236
6739,1.5382747270986956
6740,7.471035536685816
6741,5.493479519728913
6742,3.821955246826646
6743,4.534301131854079
6744,7.119551446812152
6745,8.861289073238316
6746,2.76999975183162
6747,6.017535616245067
6748,3.8871061822244855
6749,3.4049732660712326
6750,6.85777224331948
6751,8.61799039994873
6752,5.160814205640688
6753,1.5222985027169602
6754,8.207601144840089
6755,5.490600685225452
6756,4.3678742701085245
6757,7.482372202076115
6758,1.1710362834204744
6759,6.629658707412784
6760,8.159709469839544
6761,1.5497555048149356
6762,5.719601115486013
6763,4.103771647056164
6764,3.774891077488153
6765,4.742628737189571
6766,4.052821737170296
6767,4.789611995795103
6768,4.430418840071854
6769,7.321575916665646
6770,1.9929905811031092
6771,6.976411780612068
6772,3.516671703584074
6773,0.6015443561254258
6774,7.762891030844906
6775,2.6660350922495937
6776,4.155215969231703
6777,5.048550756080647
6778,3.686116528216612
6779,2.513413295990456
6780,5.611245112458854
6781,5.254075104455499
6782,0.4295382458393678
6783,4.587356683869057
6784,1.5746113587311426
6785,-0.28347710983262964
6786,8.68752690761868
6787,2.534893481373751
6788,1.1838578616634203
6789,4.102962154610274
6790,2.2190130160824486
6791,3.5310898424869634
6792,1.9604757724370536
6793,1.8996426959611135
6794,1.7243940415998786
6795,0.8216464398452182
6796,1.8927143792812953
6797,4.754637543694779
6798,2.125512760442906
6799,1.8001515194270978
6800,2.406495299891414
6801,3.520601812711537
6802,-0.2813514195567282
6803,2.2933767831291276
6804,3.54773025959245
6805,0.7505564218965322
6806,1.1289635161429297
6807,2.3279715628768782
6808,2.5002368477288313
6809,3.565935717482371
6810,0.07038568279466913
6811,0.7840309658886911
6812,1.7695358723374714
6813,2.535928624187011
6814,-0.47350474739080295
6815,1.8170458173172324
6816,2.1997753581665602
6817,0.7480333401673563
6818,0.9879673386334183
6819,-1.040094106244265
6820,2.632858088903358
6821,-2.1019104664607107
6822,1.0345434671297218
6823,0.43272220702641506
6824,0.7087682113461701
6825,2.8613977625534486
6826,-0.5585962119387593
6827,-2.053540765232813
6828,2.431829498652359
6829,1.633556867468271
6830,-2.2757041190216336
6831,1.9634650210820872
6832,1.2227705772339588
6833,1.8870917746607558
6834,0.788436368793965
6835,2.9996312119165656
6836,-0.23536769808721392
6837,4.8855032279203074
6838,-0.9716024551176575
6839,1.046769359136448
6840,6.071967297255796
6841,0.2174074066648017
6842,4.269824452071087
6843,1.9409326089740206
6844,4.3683954813266235
6845,3.0004079431573105
6846,3.1493971686363205
6847,1.4040458315222508
6848,0.07553110122103934
6849,7.608110715377584
6850,1.6512472793645387
6851,2.246428227305208
6852,2.1416561040742166
6853,2.382827885837142
6854,7.09592855554291
6855,3.2965538502037144
6856,3.551338308628172
6857,0.4927674581530871
6858,2.6890086145883165
6859,5.304660186117617
6860,2.055538245817957
6861,3.008529622586483
6862,1.6000780657951386
6863,6.455545180255055
6864,8.091835916545023
6865,3.781087282318957
6866,5.542690927813345
6867,0.7289937353615773
6868,3.192658332670474
6869,4.294039585322446
6870,3.673492013202231
6871,4.953919782576828
6872,2.105402031365732
6873,7.490588974906466
6874,2.3223373809303625
6875,4.609708104200905
6876,4.4012334119528775
6877,4.12824245498937
6878,6.663889080356613
6879,6.19574970030691
6880,4.359465447222185
6881,6.632127263161474
6882,9.148827578541303
6883,5.357855101695562
6884,4.546365944619485
6885,5.13202556938712
6886,6.088494932289926
6887,6.7892692035886775
6888,7.469428758723832
6889,5.302455420238226
6890,5.816306322519528
6891,6.456469979937216
6892,8.411031068233816
6893,4.460716267273075
6894,6.238570984164953
6895,6.876134880373295
6896,5.5846186830185065
6897,6.4470507887187045
6898,6.495563972524841
6899,6.958598750322933
6900,6.377046609888208
6901,2.870153743516943
6902,10.952087420618227
6903,1.5398212280506047
6904,9.652363798349457
6905,4.085262094405916
6906,2.460087076314518
6907,10.247929622330648
6908,2.344037313671968
6909,1.8218133982102278
6910,7.9947330030534065
6911,4.04146811959055
6912,7.400822388281069
6913,4.623470942237148
6914,5.82820802201667
6915,5.3974717971277
6916,4.899556346361629
6917,2.9389869806874724
6918,3.3732766299913717
6919,8.289506916280772
6920,1.445359816105872
6921,9.82667424767278
6922,4.723079646675654
6923,5.5070150349389
6924,5.347204432142628
6925,4.528075554728876
6926,5.690778107146303
6927,1.9699454928436828
6928,5.434143349565382
6929,3.72990282450876
6930,4.541377961269639
6931,2.959963123908288
6932,5.755905238333411
6933,4.565040839448136
6934,4.943748358281644
6935,2.4156733431656927
6936,4.479031763024142
6937,4.8973846675222905
6938,2.951474307704418
6939,3.0143189450636267
6940,3.9508299056109912
6941,2.0523745566553337
6942,7.412816048338046
6943,3.730819570539752
6944,1.7871161970001663
6945,5.898705001371675
6946,4.134635400430778
6947,2.0838070388707863
6948,5.715301257354268
6949,4.5683907462239475
6950,5.258394563298585
6951,1.2462807162203224
6952,5.107511294545459
6953,2.493113932621729
6954,3.266025558880699
6955,4.616522966771644
6956,-0.39759710636031415
6957,0.8418877289618167
6958,3.313797017353063
6959,4.140171112877358
6960,2.686861432224542
6961,3.203315803089307
6962,1.77355848573319
6963,2.621765629129864
6964,2.4036279776032226
6965,1.6654792383291095
6966,-1.3031139228417308
6967,1.953615889014118
6968,-0.9702733415707008
6969,2.755833096358468
6970,1.0995659376016151
6971,-1.56769727206476
6972,1.0659344492569134
6973,2.058770988159903
6974,1.9513876281149398
6975,-1.449015791902791
6976,1.0346611277440465
6977,1.8777957613451097
6978,-0.9883764048052386
6979,-0.07481196310446461
6980,-0.5140702157798707
6981,-0.9599144966381739
6982,0.25673959007565006
6983,0.4341809093375137
6984,-2.4247273651263135
6985,0.33788829403456005
6986,-2.6486528374322824
6987,1.5501935154675208
6988,-2.7755857081323936
6989,1.9070987620023723
6990,-2.0163314801295193
6991,2.3618844827737537
6992,2.428836239951908
6993,-0.9187686373322395
6994,1.7708982582876305
6995,2.0609515097103426
6996,0.7925488167110726
6997,0.8959337186257652
6998,0.4386834775424218
6999,3.4573653792282406
7000,-1.6822298472758193
7001,0.5750637209167115
7002,0.25104281251618604
7003,0.9243620477060522
7004,0.6713233751115301
7005,0.5126116107960081
7006,0.7080120615628815
7007,2.6917579554054667
7008,-0.5170622936319195
7009,-0.19107929069101964
7010,1.6729050902837956
7011,0.9113080244033339
7012,-0.8440361862204737
7013,4.049054803994272
7014,-0.4669260607990432
7015,2.2103148609075567
7016,1.537769864070231
7017,2.7653305556753907
7018,1.622943965079247
7019,0.8674932186569485
7020,1.9545610697696882
7021,4.072877273394599
7022,2.66150231173245
7023,6.778628261493048
7024,4.3853198272235145
7025,6.439728780123113
7026,2.87729347457136
7027,1.4928276426570055
7028,5.467669095485729
7029,4.964540282799627
7030,2.8091632516329876
7031,3.889594268036015
7032,3.058162412790749
7033,5.077205386473054
7034,5.222297624836365
7035,3.987788601640039
7036,6.182001314044539
7037,5.592821272205031
7038,3.8100909466773083
7039,3.8520676847263933
7040,7.666748805676066
7041,5.608394566866513
7042,4.958028751978409
7043,4.311884277300557
7044,5.243530746297419
7045,4.7200020742815845
7046,6.2156576298811945
7047,4.147860647747255
7048,4.8180559747747305
7049,3.1272382450508385
7050,6.538907036967622
7051,6.265990794406686
7052,3.835405590064627
7053,7.344099064914232
7054,4.4726950601618825
7055,6.982521803066799
7056,3.1181989328554796
7057,7.261888479782075
7058,4.983029685328377
7059,3.670892688883022
7060,3.868519935696102
7061,2.444780100041047
7062,6.685910055630688
7063,4.010430451256127
7064,4.673755028421411
7065,6.905580884703074
7066,2.926974788704054
7067,6.1236983458350105
7068,5.146059555382429
7069,3.4941506242547042
7070,5.766387017340771
7071,4.810701685632321
7072,5.330935196863373
7073,5.207657109020415
7074,2.876726982008321
7075,1.6859334590042396
7076,7.668621466501399
7077,3.584699166866954
7078,1.0010446763097602
7079,3.4210840275234844
7080,2.2971679151368205
7081,6.690754726100875
7082,4.134767975154098
7083,4.277863849434854
7084,0.6718187705814445
7085,5.5639991549854475
7086,3.2864912575618304
7087,2.351816100458177
7088,3.9033737039923606
7089,2.7528520631084263
7090,4.861765208463883
7091,1.4712690166840592
7092,2.1620168090518437
7093,3.0080346817194954
7094,4.98867526486608
7095,2.6712507856093204
7096,2.7709919224756834
7097,3.4816017849932726
7098,2.843935516387659
7099,4.302227005257581
7100,5.26139499472555
7101,1.7749191445522552
7102,3.1612301210938245
7103,4.148580170795271
7104,3.7625959454596485
7105,2.768380485145594
7106,3.1307607978976453
7107,3.8425459743852315
7108,1.7654199326468336
7109,2.6327551323596166
7110,1.8633601264938617
7111,2.1780570891461526
7112,3.9706921069155308
7113,1.6519792141975
7114,1.5585940449670708
7115,1.4809579985756114
7116,1.8687022352138434
7117,1.90468747419563
7118,1.981613579892725
7119,2.3114106998292847
7120,1.0555299606203337
7121,0.20697118658088093
7122,0.43924951273246565
7123,2.1395354713905372
7124,2.584852942999482
7125,0.6424107924134911
7126,1.7627179551577652
7127,-0.05032480444909333
7128,2.198361613523041
7129,-0.3423851877312841
7130,-0.8671760485332323
7131,2.8116194787353224
7132,0.10535669656500606
7133,0.8949015591778355
7134,0.8229662371816223
7135,1.6114756095715792
7136,1.6829270120355642
7137,1.11000415022529
7138,1.3422646375440235
7139,0.8909252948065037
7140,0.832392004577403
7141,2.2930103900576717
7142,2.7328023594873057
7143,1.9973214931991983
7144,1.4316698257930631
7145,2.1297268518606893
7146,0.6136322606768895
7147,1.3741230358253325
7148,2.396021025010906
7149,0.4024211985772729
7150,3.481178108235124
7151,0.25518805341253165
7152,-0.4669317489061432
7153,2.0917866931870064
7154,1.9272961237004622
7155,0.22908997264912948
7156,2.6428452369593707
7157,2.8941135123342745
7158,-1.7226134996363611
7159,2.1948744723482694
7160,2.3343470404913864
7161,0.7561062830344536
7162,2.7243721578783044
7163,2.25369716684245
7164,0.8081630263827257
7165,4.089036636343519
7166,1.7789707130857821
7167,3.034559079339958
7168,2.9264129973053703
7169,2.267004673904321
7170,0.629329837565477
7171,5.122982246425136
7172,3.095041472059548
7173,1.0652312724860884
7174,4.872008514645606
7175,2.81847322674103
7176,2.4632198336742706
7177,2.004497019168103
7178,2.336763563922619
7179,1.9641700789961116
7180,0.841567665667965
7181,2.1594434774577245
7182,4.196127289757497
7183,4.05351372628519
7184,3.220950475684359
7185,4.393388594395846
7186,5.687379743575572
7187,1.7046157907971522
7188,2.3282520081160816
7189,2.8780944057401094
7190,0.97933429976343
7191,3.7598169728021693
7192,2.60022017259708
7193,3.5947057582608695
7194,4.448711449882056
7195,4.579381843525868
7196,2.5933062979200736
7197,6.440124578190447
7198,5.6635396351164315
7199,4.773591070783272
7200,3.5712758702794396
7201,6.044417967169065
7202,4.358372485260705
7203,5.251825468799824
7204,6.129485761927945
7205,2.837988848741093
7206,6.04787880609923
7207,1.6101251394669058
7208,4.149604263989478
7209,5.724575371691832
7210,5.126102038962697
7211,3.9474389990682663
7212,5.3524509089755306
7213,5.0959377260685015
7214,3.062866396561786
7215,5.712980364704285
7216,4.787006353799646
7217,4.612338229867386
7218,0.9967599129698161
7219,3.45162223178348
7220,8.242600306906663
7221,1.2491192781358265
7222,3.7272156497707547
7223,3.5645380956947803
7224,3.3874732657702933
7225,3.5781756426496107
7226,0.7913861165192239
7227,5.213765097514466
7228,2.227747960000606
7229,3.3589601707189907
7230,5.440588841704995
7231,2.6279682744171127
7232,3.6724106047301914
7233,3.416458067255801
7234,2.979440741924875
7235,3.361690179295179
7236,4.532240990535601
7237,1.0183634300511237
7238,2.5849249561313226
7239,5.160031325105157
7240,2.903246842326273
7241,-0.40667800295749584
7242,4.629510771609575
7243,2.98024420830783
7244,3.0691596769542406
7245,2.0514404893117995
7246,1.597475426049005
7247,1.3251076028971014
7248,3.6422234948359997
7249,3.4030916293231566
7250,1.9692315696961245
7251,1.0731930807676604
7252,5.5227512907667204
7253,0.9436351085127137
7254,1.2603977493692615
7255,0.7831325218508507
7256,1.607509456846028
7257,1.9019090147245852
7258,3.317795382166964
7259,2.4902245578388262
7260,2.5011434913419346
7261,3.715800668196712
7262,4.073208086944001
7263,2.280960522938496
7264,1.1269311606154846
7265,4.571741561182022
7266,0.8482972413264231
7267,-0.0269353560278692
7268,0.9023607288105291
7269,1.6387310327970008
7270,1.228907041382088
7271,3.7602985808753195
7272,1.0660751429943724
7273,0.0
7274,0.0
7275,0.0
7276,0.0
7277,0.0
7278,0.0
7279,0.0
7280,0.0
7281,0.0
7282,0.0
7283,0.0
7284,0.0
7285,0.0
7286,0.0
7287,0.0
7288,0.0
7289,0.0
7290,0.0
7291,0.0
7292,0.0
7293,0.0
7294,0.0
7295,0.0
7296,0.0
7297,0.0
7298,0.0
7299,0.0
7300,0.0
7301,0.0
7302,0.0
7303,0.0
7304,0.0
7305,0.0
7306,0.0
7307,0.0
7308,0.0
7309,0.0
7310,0.0
7311,0.0
7312,0.0
7313,0.0
7314,0.0
7315,0.0
7316,0.0
7317,0.0
7318,0.0
7319,0.0
7320,0.0
7321,0.0
7322,0.0
7323,0.0
7324,0.0
7325,0.0
7326,0.0
7327,0.0
7328,0.0
7329,0.0
7330,0.0
7331,0.0
7332,0.0
7333,0.0
7334,0.0
7335,0.0
7336,0.0
7337,0.0
7338,0.0
7339,0.0
7340,0.0
7341,0.0
7342,0.0
7343,0.0
7344,0.0
7345,0.0
7346,0.0
7347,0.0
7348,0.0
7349,0.0
7350,0.0
7351,0.0
7352,0.0
7353,0.0
7354,0.0
7355,0.0
7356,0.0
7357,0.0
7358,0.0
7359,0.0
7360,0.0
7361,0.0
7362,0.0
7363,0.0
7364,0.0
7365,0.0
7366,0.0
7367,0.0
7368,0.0
7369,0.0
7370,0.0
7371,0.0
7372,0.0
7373,0.0
7374,0.0
7375,0.0
7376,0.0
7377,0.0
7378,0.0
7379,0.0
7380,0.0
7381,0.0
7382,0.0
7383,0.0
7384,0.0
7385,0.0
7386,0.0
7387,0.0
7388,0.0
7389,0.0
7390,0.0
7391,0.0
7392,0.0
7393,0.0
7394,0.0
7395,0.0
7396,0.0
7397,0.0
7398,0.0
7399,0.0
7400,0.0
7401,0.0
7402,0.0
7403,0.0
7404,0.0
7405,0.0
7406,0.0
7407,0.0
7408,0.0
7409,0.0
7410,0.0
7411,0.0
7412,0.0
7413,0.0
7414,0.0
7415,0.0
7416,0.0
7417,0.0
7418,0.0
7419,0.0
7420,0.0
7421,0.0
7422,0.0
7423,0.0
7424,0.0
7425,0.0
7426,0.0
7427,0.0
7428,0.0
7429,0.0
7430,0.0
7431,0.0
7432,0.0
7433,0.0
7434,0.0
7435,0.0
7436,0.0
7437,0.0
7438,0.0
7439,0.0
7440,0.0
7441,0.0
7442,0.0
7443,0.0
7444,0.0
7445,0.0
7446,0.0
7447,0.0
7448,0.0
7449,0.0
7450,0.0
7451,0.0
7452,0.0
7453,0.0
7454,0.0
7455,0.0
7456,0.0
7457,0.0
7458,0.0
7459,0.0
7460,0.0
7461,0.0
7462,0.0
7463,0.0
7464,0.0
7465,0.0
7466,0.0
7467,0.0
7468,0.0
7469,0.0
7470,0.0
7471,0.0
7472,0.0
7473,0.0
7474,0.0
7475,0.0
7476,0.0
7477,0.0
7478,0.0
7479,0.0
7480,0.0
7481,0.0
7482,0.0
7483,0.0
7484,0.0
7485,0.0
7486,0.0
7487,0.0
7488,0.0
7489,0.0
7490,0.0
7491,0.0
7492,0.0
7493,0.0
7494,0.0
7495,0.0
7496,0.0
7497,0.0
7498,0.0
7499,0.0
7500,0.0
7501,0.0
7502,0.0
7503,0.0
7504,0.0
7505,0.0
7506,0.0
7507,0.0
7508,0.0
7509,0.0
7510,0.0
7511,0.0
7512,0.0
7513,0.0
7514,0.0
7515,0.0
7516,0.0
7517,0.0
7518,0.0
7519,0.0
7520,0.0
7521,0.0
7522,0.0
7523,0.0
7524,0.0
7525,0.0
7526,0.0
7527,0.0
7528,0.0
7529,0.0
7530,0.0
7531,0.0
7532,0.0
7533,0.0
7534,0.0
7535,0.0
7536,0.0
7537,0.0
7538,0.0
7539,0.0
7540,0.0
7541,0.0
7542,0.0
7543,0.0
7544,0.0
7545,0.0
7546,0.0
7547,0.0
7548,0.0
7549,0.0
7550,0.0
7551,0.0
7552,0.0
7553,0.0
7554,0.0
7555,0.0
7556,0.0
7557,0.0
7558,0.0
7559,0.0
7560,0.0
7561,0.0
7562,0.0
7563,0.0
7564,0.0
7565,0.0
7566,0.0
7567,0.0
7568,0.0
7569,0.0
7570,0.0
7571,0.0
7572,0.0
7573,0.0
7574,0.0
7575,0.0
7576,0.0
7577,0.0
7578,0.0
7579,0.0
7580,0.0
7581,0.0
7582,0.0
7583,0.0
7584,0.0
7585,0.0
7586,0.0
7587,0.0
7588,0.0
7589,0.0
7590,0.0
7591,0.0
7592,0.0
7593,0.0
7594,0.0
7595,0.0
7596,0.0
7597,0.0
7598,0.0
7599,0.0
7600,0.0
7601,0.0
7602,0.0
7603,0.0
7604,0.0
7605,0.0
7606,0.0
7607,0.0
7608,0.0
7609,0.0
7610,0.0
7611,0.0
7612,0.0
7613,0.0
7614,0.0
7615,0.0
7616,0.0
7617,0.0
7618,0.0
7619,0.0
7620,0.0
7621,0.0
7622,0.0
7623,0.0
7624,0.0
7625,0.0
7626,0.0
7627,0.0
7628,0.0
7629,0.0
7630,0.0
7631,0.0
7632,0.0
7633,0.0
7634,0.0
7635,0.0
7636,0.0
7637,0.0
7638,0.0
7639,0.0
7640,0.0
7641,0.0
7642,0.0
7643,0.0
7644,0.0
7645,0.0
7646,0.0
7647,0.0
7648,0.0
7649,0.0
7650,0.0
7651,0.0
7652,0.0
7653,0.0
7654,0.0
7655,0.0
7656,0.0
7657,0.0
7658,0.0
7659,0.0
7660,0.0
7661,0.0
7662,0.0
7663,0.0
7664,0.0
7665,0.0
7666,0.0
7667,0.0
7668,0.0
7669,0.0
7670,0.0
7671,0.0
7672,0.0
7673,0.0
7674,0.0
7675,0.0
7676,0.0
7677,0.0
7678,0.0
7679,0.0
7680,0.0
7681,0.0
7682,0.0
7683,0.0
7684,0.0
7685,0.0
7686,0.0
7687,0.0
7688,0.0
7689,0.0
7690,0.0
7691,0.0
7692,0.0
7693,0.0
7694,0.0
7695,0.0
7696,0.0
7697,0.0
7698,0.0
7699,0.0
7700,0.0
7701,0.0
7702,0.0
7703,0.0
7704,0.0
7705,0.0
7706,0.0
7707,0.0
7708,0.0
7709,0.0
7710,0.0
7711,0.0
7712,0.0
7713,0.0
7714,0.0
7715,0.0
7716,0.0
7717,0.0
7718,0.0
7719,0.0
7720,0.0
7721,0.0
7722,0.0
7723,0.0
7724,0.0
7725,0.0
7726,0.0
7727,0.0
7728,0.0
7729,0.0
7730,0.0
7731,0.0
7732,0.0
7733,0.0
7734,0.0
7735,0.0
7736,0.0
7737,0.0
7738,0.0
7739,0.0
7740,0.0
7741,0.0
7742,0.0
7743,0.0
7744,0.0
7745,0.0
7746,0.0
7747,0.0
7748,0.0
7749,0.0
7750,0.0
7751,0.0
7752,0.0
7753,0.0
7754,0.0
7755,0.0
7756,0.0
7757,0.0
7758,0.0
7759,0.0
7760,0.0
7761,0.0
7762,0.0
7763,0.0
7764,0.0
7765,0.0
7766,0.0
7767,0.0
7768,0.0
7769,0.0
7770,0.0
7771,0.0
7772,0.0
7773,0.0
7774,0.0
7775,0.0
7776,0.0
7777,0.0
7778,0.0
7779,0.0
7780,0.0
7781,0.0
7782,0.0
7783,0.0
7784,0.0
7785,0.0
7786,0.0
7787,0.0
7788,0.0
7789,0.0
7790,0.0
7791,0.0
7792,0.0
7793,0.0
7794,0.0
7795,0.0
7796,0.0
7797,0.0
7798,0.0
7799,0.0
7800,0.0
7801,0.0
7802,0.0
7803,0.0
7804,0.0
7805,0.0
7806,0.0
7807,0.0
7808,0.0
7809,0.0
7810,0.0
7811,0.0
7812,0.0
7813,0.0
7814,0.0
7815,0.0
7816,0.0
7817,0.0
7818,0.0
7819,0.0
7820,0.0
7821,0.0
7822,0.0
7823,0.0
7824,0.0
7825,0.0
7826,0.0
7827,0.0
7828,0.0
7829,0.0
7830,0.0
7831,0.0
7832,0.0
7833,0.0
7834,0.0
7835,0.0
7836,0.0
7837,0.0
7838,0.0
7839,0.0
7840,0.0
7841,0.0
7842,0.0
7843,0.0
7844,0.0
7845,0.0
7846,0.0
7847,0.0
7848,0.0
7849,0.0
7850,0.0
7851,0.0
7852,0.0
7853,0.0
7854,0.0
7855,0.0
7856,0.0
7857,0.0
7858,0.0
7859,0.0
7860,0.0
7861,0.0
7862,0.0
7863,0.0
7864,0.0
7865,0.0
7866,0.0
7867,0.0
7868,0.0
7869,0.0
7870,0.0
7871,0.0
7872,0.0
7873,0.0
7874,0.0
7875,0.0
7876,0.0
7877,0.0
7878,0.0
7879,0.0
7880,0.0
7881,0.0
7882,0.0
7883,0.0
7884,0.0
7885,0.0
7886,0.0
7887,0.0
7888,0.0
7889,0.0
7890,0.0
7891,0.0
7892,0.0
7893,0.0
7894,0.0
7895,0.0
7896,0.0
7897,0.0
7898,0.0
7899,0.0
7900,0.0
7901,0.0
7902,0.0
7903,0.0
7904,0.0
7905,0.0
7906,0.0
7907,0.0
7908,0.0
7909,0.0
7910,0.0
7911,0.0
7912,0.0
7913,0.0
7914,0.0
7915,0.0
7916,0.0
7917,0.0
7918,0.0
7919,0.0
7920,0.0
7921,0.0
7922,0.0
7923,0.0
7924,0.0
7925,0.0
7926,0.0
7927,0.0
7928,0.0
7929,0.0
7930,0.0
7931,0.0
7932,0.0
7933,0.0
7934,0.0
7935,0.0
7936,0.0
7937,0.0
7938,0.0
7939,0.0
7940,0.0
7941,0.0
7942,0.0
7943,0.0
7944,0.0
7945,0.0
7946,0.0
7947,0.0
7948,0.0
7949,0.0
7950,0.0
7951,0.0
7952,0.0
7953,0.0
7954,0.0
7955,0.0
7956,0.0
7957,0.0
7958,0.0
7959,0.0
7960,0.0
7961,0.0
7962,0.0
7963,0.0
7964,0.0
7965,0.0
7966,0.0
7967,0.0
7968,0.0
7969,0.0
7970,0.0
7971,0.0
7972,0.0
7973,0.0
7974,0.0
7975,0.0
7976,0.0
7977,0.0
7978,0.0
7979,0.0
7980,0.0
7981,0.0
7982,0.0
7983,0.0
7984,0.0
7985,0.0
7986,0.0
7987,0.0
7988,0.0
7989,0.0
7990,0.0
7991,0.0
7992,0.0
7993,0.0
7994,0.0
7995,0.0
7996,0.0
7997,0.0
7998,0.0
7999,0.0
