index,y
00000,6.31084
00001,1.83451
00002,2.15943
00003,0.19002
00004,1.31034
00005,3.77182
00006,0.22649
00007,3.53213
00008,2.50234
00009,3.08039
00010,3.68242
00011,3.00268
00012,4.93554
00013,5.38893
00014,0.75338
00015,3.30321
00016,9.83722
00017,5.52741
00018,2.80874
00019,4.24398
00020,4.77315
00021,3.02190
00022,1.10119
00023,0.67002
00024,1.28607
00025,2.73199
00026,2.63286
00027,6.21837
00028,2.89701
00029,2.58375
00030,2.82379
00031,5.78220
00032,4.08228
00033,4.71911
00034,8.86072
00035,4.03819
00036,4.51688
00037,3.30763
00038,3.42759
00039,7.16654
00040,6.45657
00041,5.56113
00042,4.11581
00043,2.60843
00044,6.57268
00045,6.47002
00046,4.37190
00047,6.84595
00048,6.52104
00049,2.78472
00050,1.55961
00051,0.81673
00052,0.30557
00053,0.82879
00054,0.45972
00055,4.12016
00056,1.80403
00057,0.29613
00058,5.44272
00059,1.65036
00060,5.02424
00061,2.41950
00062,0.72974
00063,4.31774
00064,4.25737
00065,3.36461
00066,4.28787
00067,1.29299
00068,4.37695
00069,6.55933
00070,1.25278
00071,3.05865
00072,2.32236
00073,4.17272
00074,6.48661
00075,3.29958
00076,4.95921
00077,7.00089
00078,5.53156
00079,2.19718
00080,5.84643
00081,2.13782
00082,2.93450
00083,3.37909
00084,3.16112
00085,3.76761
00086,0.89183
00087,1.80599
00088,1.66071
00089,1.10601
00090,4.83797
00091,3.88110
00092,5.12866
00093,2.76820
00094,4.01209
00095,4.26298
00096,1.59180
00097,2.11895
00098,6.46198
00099,6.58879
00100,1.40443
00101,5.22079
00102,4.61739
00103,2.50396
00104,4.45242
00105,3.11278
00106,5.09849
00107,3.40630
00108,5.91914
00109,8.26801
00110,9.41758
00111,4.20178
00112,2.91197
00113,2.73022
00114,3.21703
00115,1.11921
00116,1.07459
00117,2.69074
00118,6.43400
00119,3.96314
00120,4.41041
00121,3.51621
00122,6.16971
00123,3.99618
00124,5.36051
00125,5.08355
00126,-0.51387
00127,2.56243
00128,2.18409
00129,-0.04395
00130,2.65885
00131,2.43998
00132,-0.21360
00133,2.63844
00134,5.23600
00135,2.36709
00136,2.60239
00137,2.88643
00138,3.59433
00139,1.86709
00140,2.26377
00141,5.51519
00142,3.27846
00143,3.60460
00144,7.08364
00145,2.11648
00146,6.05640
00147,5.37921
00148,5.99291
00149,7.40244
00150,2.88609
00151,4.12723
00152,5.44599
00153,1.15430
00154,4.60572
00155,3.93796
00156,2.15192
00157,4.94342
00158,4.04021
00159,2.12014
00160,5.34491
00161,7.49739
00162,5.31721
00163,8.51063
00164,6.89650
00165,5.53919
00166,0.82235
00167,2.05977
00168,1.05148
00169,-0.12796
00170,4.83056
00171,8.26766
00172,7.84281
00173,5.30031
00174,4.10089
00175,1.92054
00176,2.87445
00177,0.07231
00178,0.89869
00179,0.95715
00180,3.05197
00181,8.16428
00182,4.53009
00183,2.14272
00184,1.36992
00185,2.57830
00186,3.57040
00187,1.84556
00188,4.19517
00189,4.20427
00190,7.10170
00191,3.79867
00192,2.78305
00193,2.94232
00194,3.45691
00195,2.46742
00196,4.33074
00197,3.04935
00198,2.75507
00199,3.71258
00200,1.53664
00201,1.52230
00202,6.30787
00203,4.11970
00204,5.65633
00205,3.65032
00206,2.81585
00207,5.34325
00208,1.79152
00209,3.14483
00210,4.81312
00211,2.05092
00212,3.77794
00213,1.40761
00214,3.25560
00215,3.37524
00216,2.80353
00217,2.54676
00218,2.52524
00219,3.20240
00220,7.83294
00221,5.46052
00222,1.94067
00223,2.68373
00224,5.20576
00225,7.11851
00226,6.59995
00227,7.72731
00228,2.05918
00229,3.84774
00230,1.71468
00231,4.20248
00232,0.35125
00233,0.28820
00234,2.63455
00235,4.55878
00236,8.57273
00237,1.59132
00238,3.14976
00239,2.85402
00240,1.48261
00241,2.27841
00242,3.96506
00243,1.38399
00244,0.37245
00245,4.92758
00246,0.94660
00247,4.57677
00248,3.32747
00249,3.24706
00250,4.46527
00251,5.97586
00252,2.34440
00253,3.38585
00254,3.07069
00255,3.45451
00256,3.94566
00257,3.49349
00258,6.51355
00259,3.21089
00260,1.34565
00261,3.13687
00262,0.94272
00263,2.34948
00264,4.34648
00265,5.09664
00266,5.91791
00267,4.01091
00268,5.20791
00269,4.31109
00270,-0.97123
00271,4.57451
00272,9.38958
00273,5.72769
00274,6.46990
00275,3.91647
00276,2.35887
00277,6.20015
00278,2.54107
00279,6.04419
00280,2.31493
00281,3.38296
00282,1.91030
00283,4.55957
00284,5.17089
00285,3.11567
00286,2.77288
00287,3.35633
00288,1.51392
00289,3.05909
00290,5.92833
00291,2.54100
00292,2.15522
00293,2.76730
00294,0.48233
00295,3.17981
00296,1.03462
00297,5.72163
00298,5.82684
00299,4.49151
00300,5.60770
00301,5.16517
00302,4.97947
00303,3.75814
00304,5.47106
00305,2.52326
00306,3.59784
00307,6.36522
00308,8.13003
00309,3.68136
00310,3.96652
00311,5.90969
00312,4.33195
00313,5.60074
00314,7.42585
00315,7.38708
00316,2.84472
00317,7.41120
00318,6.09522
00319,1.91402
00320,7.96584
00321,6.82262
00322,1.48011
00323,5.40350
00324,3.47092
00325,2.33020
00326,1.46534
00327,2.52648
00328,3.10465
00329,0.84744
00330,3.73661
00331,4.54317
00332,4.21863
00333,6.05809
00334,8.17377
00335,4.78079
00336,4.95988
00337,7.99727
00338,8.33087
00339,9.40231
00340,5.84697
00341,11.80805
00342,10.24923
00343,6.09111
00344,7.64096
00345,6.30666
00346,1.92127
00347,3.76024
00348,8.47933
00349,4.31348
00350,2.68047
00351,6.27680
00352,4.43198
00353,4.68567
00354,5.89139
00355,4.34658
00356,2.79232
00357,4.88636
00358,3.13999
00359,3.68965
00360,-0.18288
00361,0.12003
00362,0.99644
00363,2.13739
00364,3.30991
00365,1.54410
00366,3.56034
00367,4.57063
00368,5.55172
00369,4.61602
00370,2.25661
00371,1.94901
00372,4.64087
00373,2.91967
00374,1.13265
00375,3.61852
00376,1.68582
00377,3.99066
00378,5.28168
00379,1.00898
00380,3.63145
00381,3.72794
00382,0.23011
00383,3.64851
00384,2.39743
00385,5.60781
00386,6.60414
00387,2.15153
00388,6.12434
00389,5.28527
00390,3.05961
00391,4.29050
00392,2.26870
00393,6.87024
00394,3.97965
00395,1.67813
00396,3.53925
00397,4.04431
00398,0.38073
00399,4.01284
00400,2.07068
00401,3.56910
00402,5.47518
00403,6.25071
00404,3.23386
00405,9.82527
00406,3.46959
00407,1.16075
00408,1.46491
00409,3.19750
00410,1.93980
00411,0.82068
00412,2.87091
00413,3.93621
00414,3.40028
00415,1.26862
00416,2.29289
00417,2.16466
00418,2.50885
00419,2.71888
00420,2.59822
00421,4.70177
00422,3.51242
00423,1.89897
00424,0.41330
00425,0.99396
00426,4.73965
00427,3.70246
00428,5.16525
00429,5.22886
00430,5.16123
00431,3.21302
00432,4.40252
00433,2.23022
00434,3.46834
00435,2.93269
00436,2.60584
00437,8.42651
00438,5.49747
00439,2.77072
00440,2.38587
00441,2.45708
00442,1.88223
00443,4.35083
00444,2.76120
00445,0.84570
00446,-0.26870
00447,1.88111
00448,3.28839
00449,0.49235
00450,-0.59712
00451,6.05817
00452,6.51795
00453,2.65925
00454,3.16102
00455,3.54055
00456,1.37602
00457,5.51026
00458,3.41120
00459,6.12294
00460,1.34048
00461,2.44276
00462,8.03427
00463,2.84054
00464,3.87947
00465,5.66241
00466,8.88302
00467,0.30369
00468,1.41332
00469,6.79004
00470,4.12068
00471,0.56657
00472,5.62889
00473,7.08878
00474,3.23490
00475,0.79746
00476,4.54467
00477,2.00541
00478,6.80601
00479,4.42424
00480,6.65079
00481,3.94359
00482,2.35775
00483,4.33553
00484,5.35289
00485,1.14545
00486,1.42243
00487,5.86557
00488,2.47631
00489,1.59581
00490,3.24797
00491,1.94802
00492,7.09457
00493,5.73172
00494,3.79186
00495,5.46778
00496,4.01259
00497,9.23594
00498,6.71253
00499,1.84053
00500,3.42215
00501,8.21849
00502,2.68837
00503,4.21164
00504,5.18653
00505,3.75825
00506,5.01210
00507,2.24400
00508,1.72419
00509,1.38311
00510,3.90468
00511,0.78976
00512,1.84396
00513,5.79264
00514,1.00400
00515,5.09766
00516,6.16116
00517,2.75480
00518,2.22706
00519,2.33065
00520,5.86914
00521,3.92597
00522,5.00227
00523,8.32060
00524,2.89215
00525,3.93820
00526,5.02308
00527,7.27908
00528,2.88374
00529,3.40284
00530,4.40964
00531,1.78278
00532,2.16096
00533,1.11922
00534,3.62859
00535,5.28343
00536,3.92152
00537,5.73301
00538,5.25997
00539,4.03041
00540,1.98936
00541,4.29336
00542,8.27304
00543,3.42107
00544,5.39987
00545,2.96941
00546,0.87035
00547,0.49831
00548,2.30190
00549,1.20715
00550,2.21272
00551,0.04982
00552,0.41253
00553,0.80125
00554,2.23258
00555,0.13295
00556,7.69043
00557,4.87629
00558,6.92578
00559,8.72233
00560,9.62700
00561,7.04298
00562,7.86146
00563,6.36021
00564,4.31382
00565,8.50023
00566,7.76231
00567,3.91939
00568,1.52965
00569,0.72213
00570,1.08600
00571,1.68649
00572,4.02985
00573,4.39860
00574,1.99268
00575,3.88845
00576,1.36621
00577,4.75788
00578,6.38615
00579,2.55406
00580,5.35680
00581,8.99735
00582,6.91691
00583,9.73311
00584,8.42434
00585,4.21469
00586,6.09226
00587,3.03324
00588,4.67296
00589,8.91865
00590,8.60428
00591,5.11149
00592,2.68192
00593,1.22750
00594,3.24094
00595,2.66376
00596,2.85479
00597,1.00799
00598,4.47582
00599,1.55532
00600,1.78252
00601,2.30153
00602,2.82623
00603,0.87356
00604,1.92336
00605,1.15291
00606,4.80485
00607,3.44582
00608,1.66237
00609,7.37562
00610,8.44369
00611,8.44386
00612,7.41808
00613,8.75542
00614,8.68528
00615,9.83657
00616,8.50421
00617,5.70922
00618,5.39086
00619,6.50057
00620,3.29481
00621,5.41840
00622,10.06108
00623,5.55217
00624,5.34171
00625,6.80958
00626,6.15154
00627,4.40114
00628,4.50539
00629,0.07438
00630,0.97772
00631,0.36683
00632,0.03598
00633,1.57310
00634,0.60183
00635,0.18327
00636,1.15135
00637,0.48307
00638,2.32852
00639,5.15040
00640,2.32696
00641,4.09876
00642,7.25518
00643,9.58183
00644,9.84343
00645,4.99915
00646,4.13232
00647,4.27175
00648,1.59063
00649,0.58560
00650,1.35397
00651,0.92886
00652,1.64337
00653,3.22014
00654,1.63006
00655,1.35242
00656,4.72036
00657,5.92010
00658,4.69929
00659,2.18004
00660,2.66146
00661,0.58270
00662,2.31064
00663,2.72353
00664,0.76399
00665,0.55681
00666,3.30041
00667,4.12220
00668,5.59879
00669,6.32140
00670,7.43863
00671,2.99587
00672,3.77442
00673,6.53396
00674,6.88909
00675,5.99517
00676,7.28108
00677,4.25274
00678,1.00694
00679,0.72071
00680,3.89060
00681,4.67565
00682,4.78290
00683,6.83755
00684,6.88681
00685,7.95417
00686,3.22627
00687,6.28064
00688,4.82164
00689,5.55346
00690,6.79538
00691,2.36778
00692,7.94490
00693,10.17445
00694,6.79546
00695,7.48976
00696,1.29320
00697,2.04220
00698,2.27317
00699,1.59829
00700,3.91546
00701,1.14856
00702,2.81643
00703,4.45474
00704,2.69527
00705,2.83976
00706,1.17546
00707,2.94514
00708,2.64645
00709,0.78088
00710,3.16739
00711,5.05452
00712,1.65637
00713,2.07776
00714,3.77288
00715,3.74896
00716,6.48159
00717,6.95741
00718,2.15024
00719,3.45546
00720,4.41595
00721,5.95253
00722,3.37818
00723,1.24424
00724,2.65690
00725,3.14662
00726,3.24938
00727,6.00910
00728,6.64085
00729,3.32775
00730,7.43708
00731,6.39883
00732,2.82573
00733,0.15082
00734,1.89959
00735,3.99241
00736,1.52336
00737,7.91128
00738,8.43480
00739,8.33056
00740,15.56156
00741,5.44431
00742,4.37281
00743,4.48584
00744,1.02137
00745,3.01239
00746,-0.41593
00747,5.21671
00748,5.48452
00749,3.92715
00750,4.61502
00751,2.17270
00752,2.14070
00753,1.71159
00754,0.53226
00755,1.59881
00756,1.95296
00757,8.67851
00758,5.74193
00759,6.05423
00760,5.87489
00761,5.95894
00762,3.70640
00763,4.15285
00764,9.84983
00765,1.58975
00766,7.48431
00767,4.91026
00768,6.45816
00769,5.34142
00770,3.47489
00771,3.96628
00772,6.75818
00773,6.03215
00774,2.95914
00775,8.06090
00776,6.45276
00777,5.65414
00778,1.57349
00779,3.46430
00780,5.20032
00781,1.60736
00782,3.44384
00783,1.70699
00784,-0.22549
00785,3.14478
00786,2.81240
00787,2.70510
00788,3.88110
00789,4.16526
00790,2.08643
00791,1.83023
00792,0.59482
00793,5.57807
00794,2.28762
00795,0.77752
00796,4.43895
00797,2.47830
00798,6.39463
00799,5.52324
00800,6.32953
00801,1.94859
00802,4.68216
00803,2.68486
00804,2.27880
00805,1.01594
00806,0.25095
00807,0.23465
00808,0.03839
00809,0.79116
00810,6.97135
00811,6.49198
00812,4.80677
00813,6.65021
00814,6.95754
00815,4.61383
00816,3.61682
00817,5.68745
00818,4.86182
00819,6.67282
00820,3.70748
00821,4.99438
00822,5.64282
00823,1.88694
00824,1.39293
00825,3.94327
00826,1.95934
00827,6.37916
00828,3.11758
00829,0.08874
00830,4.70810
00831,7.29444
00832,3.22132
00833,4.23667
00834,10.08141
00835,2.49341
00836,3.15885
00837,7.16198
00838,4.57102
00839,2.86488
00840,5.29056
00841,9.02066
00842,8.65077
00843,3.27826
00844,1.66394
00845,5.19757
00846,5.47341
00847,2.36804
00848,0.52327
00849,2.24539
00850,1.50192
00851,1.72959
00852,6.25334
00853,4.69572
00854,0.47370
00855,1.92476
00856,4.00603
00857,4.26840
00858,5.76863
00859,5.90959
00860,5.08208
00861,4.23095
00862,7.47519
00863,5.32668
00864,6.84205
00865,6.17508
00866,7.39002
00867,2.61960
00868,2.52680
00869,2.50736
00870,0.37329
00871,5.96165
00872,5.11168
00873,6.76653
00874,9.60895
00875,7.92610
00876,8.41011
00877,3.37661
00878,5.60315
00879,4.71742
00880,5.30059
00881,7.14907
00882,9.94184
00883,5.94094
00884,8.30597
00885,6.70973
00886,1.76150
00887,7.13483
00888,4.77365
00889,4.01840
00890,1.68633
00891,3.11989
00892,2.71227
00893,2.77292
00894,6.45146
00895,3.82331
00896,2.27869
00897,4.30341
00898,5.08358
00899,4.13646
00900,3.53987
00901,3.90033
00902,4.49980
00903,3.03838
00904,1.66014
00905,1.96293
00906,3.73663
00907,4.32826
00908,3.24080
00909,1.43895
00910,7.15497
00911,5.97325
00912,7.72606
00913,6.57892
00914,5.75805
00915,1.54530
00916,5.10628
00917,0.53960
00918,0.28389
00919,0.44488
00920,0.53743
00921,3.20389
00922,1.94170
00923,5.70708
00924,7.44844
00925,6.91203
00926,0.44133
00927,0.67824
00928,3.19421
00929,5.47224
00930,2.83595
00931,3.58878
00932,3.79930
00933,2.37820
00934,4.29536
00935,2.64723
00936,2.40855
00937,3.08984
00938,4.58259
00939,5.50945
00940,7.56147
00941,10.09047
00942,6.98475
00943,9.47827
00944,10.51742
00945,8.88344
00946,3.43366
00947,-0.58435
00948,0.67468
00949,2.03330
00950,1.59591
00951,-0.61263
00952,1.02725
00953,2.58892
00954,0.79302
00955,5.28429
00956,6.83620
00957,5.78143
00958,9.22338
00959,9.99725
00960,2.92594
00961,2.34149
00962,6.09795
00963,5.87881
00964,9.14768
00965,4.47323
00966,6.90443
00967,5.60103
00968,7.52930
00969,8.43749
00970,1.75557
00971,3.64367
00972,0.79316
00973,1.56076
00974,5.59424
00975,8.19956
00976,3.26089
00977,0.61400
00978,2.41188
00979,4.04156
00980,4.26019
00981,-0.29922
00982,3.23278
00983,1.63612
00984,2.83499
00985,3.55908
00986,3.66577
00987,6.86136
00988,3.00315
00989,4.63124
00990,5.23534
00991,1.62260
00992,4.84169
00993,6.46580
00994,3.82680
00995,8.52650
00996,3.44404
00997,-0.90452
00998,0.59663
00999,-0.50812
01000,1.06713
01001,2.33567
01002,1.46847
01003,4.66731
01004,4.08452
01005,3.42484
01006,3.47974
01007,3.08614
01008,5.54047
01009,3.92760
01010,2.09320
01011,2.28671
01012,6.40800
01013,6.85909
01014,3.79049
01015,1.99735
01016,1.76955
01017,5.74093
01018,5.58776
01019,4.31942
01020,2.80947
01021,1.82385
01022,2.30904
01023,2.14397
01024,5.76684
01025,3.69155
01026,7.16840
01027,6.71762
01028,10.45530
01029,5.00254
01030,2.37691
01031,-0.03447
01032,1.61545
01033,2.54721
01034,-0.70541
01035,4.77776
01036,2.77376
01037,2.22753
01038,4.85598
01039,3.68485
01040,0.73097
01041,1.88486
01042,1.09280
01043,1.03214
01044,1.52825
01045,2.28647
01046,3.24853
01047,1.31343
01048,4.73002
01049,7.47984
01050,4.47749
01051,3.72874
01052,0.92763
01053,0.25280
01054,6.55498
01055,5.23810
01056,5.59864
01057,3.40063
01058,-0.91380
01059,2.22582
01060,3.78616
01061,1.46970
01062,4.59247
01063,3.07477
01064,5.10309
01065,4.15994
01066,3.15885
01067,5.10824
01068,4.71217
01069,6.36020
01070,6.98635
01071,2.85746
01072,1.76837
01073,5.96682
01074,8.63121
01075,3.98850
01076,6.32896
01077,5.73770
01078,2.35875
01079,1.48944
01080,1.44720
01081,5.86769
01082,5.15059
01083,3.27800
01084,3.27276
01085,3.93514
01086,8.17915
01087,3.22499
01088,2.50742
01089,1.77526
01090,0.77224
01091,3.37756
01092,3.14010
01093,6.30029
01094,5.90175
01095,6.49571
01096,5.14020
01097,2.49629
01098,0.26351
01099,2.62395
01100,3.01837
01101,0.67538
01102,3.45387
01103,0.94447
01104,4.51021
01105,2.54856
01106,3.74885
01107,6.87480
01108,5.18204
01109,5.26724
01110,7.83110
01111,7.09142
01112,3.47943
01113,6.67732
01114,5.31606
01115,10.50020
01116,9.13379
01117,16.00405
01118,10.93146
01119,7.98826
01120,7.59153
01121,3.76987
01122,2.07389
01123,1.53179
01124,-0.01786
01125,2.02652
01126,5.23278
01127,3.39403
01128,5.94826
01129,5.67591
01130,4.70016
01131,8.02698
01132,2.35678
01133,3.16192
01134,5.92952
01135,2.50810
01136,-0.37716
01137,1.44613
01138,6.89725
01139,3.59602
01140,1.08919
01141,6.20416
01142,6.19544
01143,9.37021
01144,7.29694
01145,3.84477
01146,3.97586
01147,3.62262
01148,2.73430
01149,6.63304
01150,9.93063
01151,6.81245
01152,4.71423
01153,-0.09050
01154,1.83858
01155,3.55935
01156,2.41920
01157,2.91583
01158,8.71131
01159,10.18832
01160,5.62785
01161,9.04709
01162,1.05661
01163,1.58200
01164,2.03715
01165,0.48071
01166,5.95814
01167,7.91991
01168,7.37862
01169,6.81702
01170,9.68875
01171,10.79219
01172,6.60731
01173,4.44640
01174,4.31061
01175,4.20293
01176,7.34299
01177,5.90948
01178,5.10858
01179,6.94734
01180,3.18032
01181,7.67511
01182,5.04465
01183,4.19869
01184,5.04359
01185,4.52167
01186,4.55937
01187,3.78469
01188,2.34833
01189,1.73050
01190,4.54471
01191,1.45758
01192,1.38414
01193,3.38774
01194,-0.04568
01195,3.24371
01196,1.55916
01197,2.09524
01198,6.80545
01199,1.29123
01200,1.11278
01201,0.25500
01202,-0.79119
01203,3.87001
01204,3.37521
01205,2.91955
01206,7.32422
01207,7.84451
01208,4.47548
01209,2.30043
01210,0.69364
01211,4.41120
01212,0.13575
01213,0.30435
01214,3.44980
01215,5.23649
01216,10.35859
01217,4.75117
01218,2.29257
01219,5.89030
01220,3.25815
01221,5.32420
01222,9.28600
01223,4.15296
01224,3.73623
01225,10.09296
01226,5.81527
01227,7.07016
01228,2.35664
01229,6.58958
01230,4.40924
01231,3.48215
01232,6.70962
01233,6.78328
01234,2.18766
01235,1.69725
01236,6.34116
01237,2.86895
01238,0.43268
01239,0.95972
01240,2.44529
01241,5.03648
01242,3.29195
01243,1.57556
01244,1.28852
01245,4.76281
01246,9.69702
01247,4.28620
01248,5.05426
01249,3.06278
01250,1.60935
01251,4.31928
01252,8.00576
01253,3.42914
01254,7.10240
01255,9.95516
01256,5.82577
01257,3.01676
01258,-0.28837
01259,0.78844
01260,1.64984
01261,0.03889
01262,9.66587
01263,-0.60538
01264,7.08678
01265,4.60095
01266,6.34671
01267,13.71787
01268,0.61148
01269,2.89290
01270,0.52312
01271,-0.07443
01272,0.67071
01273,5.28638
01274,0.11500
01275,4.38884
01276,6.14136
01277,6.65038
01278,3.06016
01279,2.86166
01280,5.18129
01281,1.64127
01282,3.60813
01283,3.30489
01284,3.78973
01285,1.91443
01286,5.50900
01287,4.13953
01288,1.41966
01289,4.32983
01290,0.82657
01291,4.33093
01292,4.80838
01293,-0.76080
01294,4.91401
01295,5.20362
01296,3.45392
01297,2.81049
01298,-0.33812
01299,2.79605
01300,3.99717
01301,5.37575
01302,4.85276
01303,2.36848
01304,3.97434
01305,6.77079
01306,4.80028
01307,10.86541
01308,9.51950
01309,3.52327
01310,6.60545
01311,5.48955
01312,4.36152
01313,6.00271
01314,3.32601
01315,4.99322
01316,5.22203
01317,9.51250
01318,6.23530
01319,3.68750
01320,5.37421
01321,10.00198
01322,3.55610
01323,5.67737
01324,1.98165
01325,1.98383
01326,5.29338
01327,2.41586
01328,1.79329
01329,2.34122
01330,0.17385
01331,1.46308
01332,0.41478
01333,3.10411
01334,5.95213
01335,3.20178
01336,2.36992
01337,4.26326
01338,2.96597
01339,2.71641
01340,5.26322
01341,3.86783
01342,8.71403
01343,5.25880
01344,3.46627
01345,3.24463
01346,-0.55855
01347,4.60353
01348,4.04896
01349,0.94668
01350,4.71384
01351,2.52064
01352,0.13807
01353,3.57617
01354,4.32574
01355,4.99837
01356,2.28628
01357,3.25892
01358,4.19012
01359,3.09634
01360,8.13174
01361,7.57777
01362,3.60621
01363,5.18872
01364,7.32752
01365,10.73112
01366,7.22905
01367,4.33539
01368,6.25027
01369,5.58918
01370,2.41475
01371,2.88014
01372,1.74742
01373,3.62372
01374,3.63671
01375,2.73956
01376,3.67491
01377,3.53058
01378,3.04995
01379,4.80198
01380,4.21198
01381,2.72964
01382,3.69141
01383,4.39207
01384,4.05920
01385,8.35058
01386,2.61850
01387,1.29334
01388,3.05814
01389,4.97707
01390,7.07983
01391,3.71477
01392,2.97925
01393,3.32490
01394,4.29556
01395,5.68904
01396,0.49951
01397,2.27133
01398,2.61652
01399,0.68226
01400,3.47369
01401,5.13212
01402,2.46098
01403,1.65256
01404,7.21161
01405,10.34115
01406,4.80366
01407,1.93373
01408,1.97430
01409,3.55144
01410,3.44012
01411,6.21549
01412,4.64965
01413,2.39080
01414,2.28914
01415,4.94331
01416,4.09012
01417,4.28417
01418,3.11038
01419,5.61296
01420,1.64211
01421,4.92786
01422,6.41959
01423,4.05037
01424,2.16092
01425,5.15851
01426,4.15670
01427,4.42843
01428,1.71515
01429,4.74717
01430,3.37891
01431,7.07650
01432,6.32352
01433,2.35847
01434,6.51601
01435,8.41235
01436,6.69866
01437,10.31915
01438,4.30010
01439,2.57574
01440,4.12732
01441,2.65683
01442,2.81624
01443,4.02055
01444,3.42650
01445,5.83333
01446,7.23305
01447,5.83412
01448,5.08919
01449,4.55182
01450,3.85931
01451,3.72616
01452,2.19647
01453,2.07967
01454,3.15834
01455,-0.50034
01456,6.65370
01457,4.64841
01458,3.11869
01459,4.31005
01460,2.99151
01461,5.61014
01462,4.45003
01463,5.67719
01464,5.38287
01465,5.86508
01466,3.96321
01467,6.18899
01468,2.17073
01469,-0.36567
01470,4.28917
01471,3.71358
01472,10.23771
01473,4.74886
01474,1.70192
01475,4.88109
01476,4.02566
01477,3.85549
01478,0.70267
01479,4.11309
01480,6.76590
01481,5.91860
01482,3.21069
01483,4.60846
01484,1.90422
01485,4.43474
01486,3.80585
01487,5.98251
01488,6.76385
01489,2.41892
01490,3.55902
01491,4.51510
01492,3.57981
01493,5.60932
01494,7.06222
01495,1.44700
01496,4.38766
01497,2.77166
01498,0.67706
01499,2.34112
01500,2.13712
01501,5.19515
01502,7.57608
01503,5.50870
01504,4.92586
01505,5.74439
01506,2.53760
01507,1.83299
01508,0.34870
01509,2.99219
01510,4.06264
01511,4.22275
01512,2.95600
01513,1.97665
01514,2.68873
01515,8.09589
01516,4.15903
01517,3.23998
01518,1.23475
01519,2.43527
01520,4.76086
01521,0.96651
01522,4.32155
01523,2.09901
01524,2.74579
01525,4.92912
01526,9.18384
01527,5.18870
01528,5.83672
01529,2.63909
01530,2.72835
01531,4.92940
01532,1.41821
01533,6.46036
01534,4.97721
01535,5.91021
01536,8.44599
01537,2.64524
01538,3.02638
01539,2.01705
01540,3.82739
01541,4.27476
01542,1.76036
01543,4.40308
01544,2.14166
01545,4.76280
01546,3.56092
01547,3.44583
01548,5.24300
01549,4.05184
01550,4.82810
01551,3.56170
01552,1.48410
01553,2.35239
01554,2.79704
01555,5.70380
01556,2.61463
01557,0.72498
01558,1.19167
01559,5.12811
01560,4.15102
01561,2.09652
01562,1.95718
01563,5.85735
01564,1.68068
01565,2.73930
01566,5.39280
01567,1.62498
01568,4.88558
01569,4.19184
01570,2.90497
01571,4.56523
01572,3.82256
01573,4.10071
01574,1.89578
01575,2.96826
01576,4.32009
01577,0.34081
01578,1.68153
01579,3.52004
01580,1.55334
01581,6.83640
01582,3.12031
01583,2.30216
01584,1.36284
01585,0.76788
01586,5.08783
01587,4.95807
01588,4.04957
01589,3.24164
01590,8.04820
01591,5.67208
01592,8.59328
01593,3.75334
01594,3.41291
01595,8.01028
01596,3.79230
01597,2.99919
01598,6.13659
01599,4.36217
01600,4.85300
01601,3.81066
01602,1.83260
01603,4.71454
01604,8.03481
01605,9.77220
01606,4.53566
01607,2.64167
01608,4.63316
01609,6.87299
01610,2.97364
01611,6.49061
01612,2.83955
01613,2.72523
01614,4.30522
01615,2.53326
01616,3.63502
01617,2.22955
01618,0.42102
01619,1.56923
01620,2.61072
01621,2.96130
01622,4.78886
01623,2.04788
01624,4.89290
01625,6.81512
01626,5.12137
01627,8.52744
01628,5.29229
01629,6.84289
01630,11.85908
01631,7.05750
01632,8.81019
01633,6.45432
01634,0.12244
01635,1.69889
01636,0.96797
01637,4.91396
01638,5.85999
01639,2.27325
01640,4.23292
01641,4.35069
01642,1.64828
01643,0.87002
01644,0.64257
01645,3.97792
01646,3.37456
01647,1.40016
01648,1.22501
01649,3.37285
01650,7.67914
01651,4.97492
01652,6.03067
01653,6.36518
01654,8.54894
01655,2.03705
01656,4.31483
01657,4.22117
01658,1.92541
01659,2.96316
01660,3.71185
01661,4.41322
01662,2.91428
01663,6.06478
01664,4.70336
01665,6.19233
01666,4.84701
01667,2.93393
01668,4.16121
01669,4.35706
01670,5.63324
01671,-0.27874
01672,4.68932
01673,5.64826
01674,2.17720
01675,2.69495
01676,2.63493
01677,4.87678
01678,3.85956
01679,6.93243
01680,5.08322
01681,3.03017
01682,1.38576
01683,4.45565
01684,4.27508
01685,2.66236
01686,3.04245
01687,4.56907
01688,6.75670
01689,2.54951
01690,3.63912
01691,5.80634
01692,3.45387
01693,5.14490
01694,1.77771
01695,3.84147
01696,1.50725
01697,3.08060
01698,5.69410
01699,7.94381
01700,7.27457
01701,4.77564
01702,11.60802
01703,9.30977
01704,8.61348
01705,7.81724
01706,4.44213
01707,6.28150
01708,5.82018
01709,7.10102
01710,4.36340
01711,3.96578
01712,3.59862
01713,2.15284
01714,3.36952
01715,2.65289
01716,4.96117
01717,2.73543
01718,5.95208
01719,6.13495
01720,7.07585
01721,5.33360
01722,4.03151
01723,5.72402
01724,3.35409
01725,1.42117
01726,4.84697
01727,3.44145
01728,5.00492
01729,3.54861
01730,2.50908
01731,5.89265
01732,3.48268
01733,3.69374
01734,3.25713
01735,2.38200
01736,4.07259
01737,0.92929
01738,2.08977
01739,2.67995
01740,2.34062
01741,5.45107
01742,4.07593
01743,2.20386
01744,5.58595
01745,4.62233
01746,9.69275
01747,6.02479
01748,1.78988
01749,2.54815
01750,0.62985
01751,2.01119
01752,4.78634
01753,3.60547
01754,2.96904
01755,3.69472
01756,0.60356
01757,4.33074
01758,2.38386
01759,-0.03575
01760,8.51536
01761,4.41131
01762,2.25312
01763,2.91871
01764,0.19612
01765,3.76114
01766,5.34942
01767,4.88224
01768,6.25114
01769,4.09400
01770,2.85675
01771,3.58986
01772,4.01721
01773,9.14856
01774,8.10826
01775,6.39887
01776,2.07485
01777,5.31835
01778,3.06010
01779,0.78426
01780,5.62232
01781,4.71575
01782,2.79727
01783,3.89627
01784,4.27245
01785,-1.29877
01786,1.92994
01787,5.57149
01788,6.13745
01789,7.46199
01790,4.74519
01791,4.74342
01792,3.40572
01793,0.92574
01794,1.85346
01795,1.40424
01796,2.35918
01797,3.29455
01798,7.36458
01799,6.91923
01800,6.36164
01801,4.21838
01802,4.95400
01803,3.79591
01804,4.22546
01805,2.66670
01806,2.37643
01807,2.74224
01808,1.06261
01809,0.12375
01810,2.38143
01811,0.53970
01812,-0.14455
01813,3.14908
01814,3.06413
01815,5.06914
01816,3.50553
01817,1.99079
01818,4.16056
01819,3.47162
01820,5.84333
01821,6.45844
01822,3.58306
01823,0.45082
01824,2.85321
01825,0.96974
01826,6.52026
01827,6.78145
01828,6.76436
01829,5.84022
01830,4.56646
01831,0.41277
01832,4.52276
01833,2.36685
01834,2.44858
01835,5.40272
01836,3.49093
01837,1.51701
01838,2.57336
01839,2.10614
01840,6.04280
01841,5.11854
01842,6.11178
01843,2.45172
01844,4.38998
01845,5.50760
01846,11.60671
01847,6.54453
01848,2.30304
01849,2.69843
01850,4.58610
01851,1.25850
01852,3.05276
01853,6.06556
01854,7.36011
01855,4.05289
01856,1.22700
01857,0.37568
01858,2.40438
01859,5.32848
01860,5.52399
01861,3.26562
01862,4.44941
01863,3.48312
01864,6.94489
01865,5.20192
01866,2.20944
01867,4.02192
01868,2.40658
01869,2.12254
01870,-0.07738
01871,1.46459
01872,5.33054
01873,3.88577
01874,7.86924
01875,6.01007
01876,2.28231
01877,3.45124
01878,6.56960
01879,5.72441
01880,3.73116
01881,1.18738
01882,4.34215
01883,5.79188
01884,7.25215
01885,7.62468
01886,1.56648
01887,4.53745
01888,3.24332
01889,6.26481
01890,0.58513
01891,1.15095
01892,8.81699
01893,9.27848
01894,8.15114
01895,8.74056
01896,1.82874
01897,1.15075
01898,2.76569
01899,7.08921
01900,3.86033
01901,8.00331
01902,6.08618
01903,6.60582
01904,5.00905
01905,-1.32277
01906,7.54512
01907,4.96848
01908,4.30051
01909,8.43294
01910,13.31210
01911,8.92358
01912,8.11518
01913,-0.50609
01914,3.43338
01915,3.07588
01916,1.63789
01917,-2.00647
01918,18.28205
01919,18.40749
01920,12.22363
01921,5.82986
01922,-1.56882
01923,2.09412
01924,18.76425
01925,14.71295
01926,-0.13930
01927,0.75445
01928,9.74843
01929,22.02869
01930,6.70883
01931,-1.66910
01932,2.71679
01933,21.36744
01934,20.06565
01935,2.78426
01936,2.50737
01937,7.52206
01938,2.47365
01939,-0.68686
01940,3.05601
01941,12.17608
01942,15.71018
01943,9.57381
01944,5.11322
01945,3.92471
01946,2.14623
01947,8.87742
01948,15.69704
01949,8.48306
01950,0.32100
01951,-0.83309
01952,7.36771
01953,11.74086
01954,4.12937
01955,0.55992
01956,-0.97380
01957,13.20092
01958,16.36126
01959,0.88557
01960,0.03521
01961,0.41772
01962,4.70171
01963,4.42287
01964,1.55324
01965,-0.22558
01966,4.05770
01967,11.62765
01968,3.60148
01969,0.11927
01970,2.05981
01971,6.41786
01972,3.87426
01973,0.51178
01974,2.06335
01975,11.94729
01976,18.74165
01977,8.85980
01978,-0.69267
01979,1.37791
01980,4.26216
01981,9.16299
01982,2.10024
01983,-1.75794
01984,13.77488
01985,14.59584
01986,9.09406
01987,8.10496
01988,10.95116
01989,14.33412
01990,14.25689
01991,4.70049
01992,0.81191
01993,3.43819
01994,12.12400
01995,5.68702
01996,0.43979
01997,0.41210
01998,7.65174
01999,15.38057
02000,6.79357
02001,-0.07989
02002,0.68394
02003,5.71639
02004,11.17383
02005,2.59756
02006,0.66891
02007,3.00450
02008,6.93191
02009,3.62230
02010,1.16412
02011,-0.32917
02012,0.72032
02013,1.71228
02014,0.86577
02015,-0.09001
02016,0.88026
02017,3.06781
02018,10.24819
02019,10.82224
02020,6.52758
02021,1.59007
02022,0.73506
02023,4.69113
02024,6.72147
02025,2.09296
02026,-0.34499
02027,2.20864
02028,7.78844
02029,16.73780
02030,11.44230
02031,0.64628
02032,1.79711
02033,5.57874
02034,9.89990
02035,6.18434
02036,4.76988
02037,8.16312
02038,17.61034
02039,12.72170
02040,2.67757
02041,0.84661
02042,4.20407
02043,2.23549
02044,0.32152
02045,-0.53267
02046,4.34535
02047,5.74878
02048,3.30952
02049,1.89408
02050,-0.42100
02051,0.96640
02052,3.57487
02053,5.52385
02054,-0.12636
02055,1.95689
02056,5.33146
02057,5.83563
02058,1.70567
02059,5.12004
02060,3.05883
02061,7.71969
02062,4.07205
02063,-0.55557
02064,1.07814
02065,6.01464
02066,12.69047
02067,3.24460
02068,1.27914
02069,5.07725
02070,4.85484
02071,4.29296
02072,2.85808
02073,-0.20628
02074,2.84007
02075,6.83835
02076,10.20280
02077,9.77609
02078,2.13616
02079,5.72152
02080,13.23202
02081,9.32951
02082,2.24823
02083,1.44650
02084,1.85166
02085,5.32146
02086,4.58818
02087,2.33168
02088,10.50776
02089,9.16781
02090,10.88700
02091,4.04109
02092,-0.65482
02093,3.49812
02094,2.38591
02095,7.64728
02096,2.26284
02097,0.70641
02098,6.77998
02099,3.61237
02100,0.16236
02101,0.70519
02102,0.96426
02103,7.91675
02104,6.99256
02105,1.47829
02106,4.86660
02107,-0.85197
02108,1.13990
02109,4.32969
02110,3.12602
02111,5.73221
02112,1.36164
02113,0.67123
02114,4.79235
02115,3.91591
02116,3.14420
02117,1.08654
02118,0.25257
02119,7.67380
02120,12.97258
02121,7.28623
02122,5.06601
02123,9.34954
02124,10.59338
02125,8.72840
02126,1.75648
02127,1.38790
02128,7.72451
02129,3.63002
02130,-0.10714
02131,4.28485
02132,6.46811
02133,7.00948
02134,6.56589
02135,0.91184
02136,1.31217
02137,4.07709
02138,3.59788
02139,-0.30695
02140,-0.30183
02141,4.91009
02142,11.78852
02143,10.77257
02144,8.11298
02145,0.14297
02146,4.55637
02147,5.53355
02148,6.06626
02149,2.65419
02150,-0.67376
02151,1.29419
02152,-0.14851
02153,1.60586
02154,3.24233
02155,10.73892
02156,8.86213
02157,4.52726
02158,2.70456
02159,6.24455
02160,2.85771
02161,2.06868
02162,-0.02150
02163,0.17607
02164,2.01619
02165,7.02610
02166,9.43677
02167,6.64051
02168,8.35529
02169,4.91686
02170,8.42589
02171,5.26035
02172,3.30569
02173,5.37238
02174,6.68450
02175,8.65441
02176,8.34452
02177,15.59283
02178,13.10209
02179,8.78504
02180,10.01252
02181,12.76320
02182,4.46091
02183,6.53870
02184,3.03636
02185,1.29161
02186,1.13193
02187,9.75744
02188,7.44208
02189,8.99190
02190,11.13874
02191,6.29939
02192,3.95636
02193,-0.92295
02194,2.77871
02195,0.15484
02196,3.84482
02197,1.02852
02198,6.38195
02199,3.47057
02200,4.67141
02201,3.05915
02202,3.89216
02203,-0.34743
02204,1.89533
02205,-0.50346
02206,3.89953
02207,2.26216
02208,6.44688
02209,2.14767
02210,5.48601
02211,3.40367
02212,2.45944
02213,1.30126
02214,-0.03511
02215,1.32426
02216,2.71787
02217,0.71481
02218,6.12222
02219,7.25171
02220,6.00456
02221,1.54440
02222,0.69388
02223,4.65770
02224,6.44169
02225,7.42306
02226,4.31857
02227,7.53503
02228,6.64683
02229,8.50233
02230,6.10815
02231,5.59678
02232,11.99169
02233,2.73420
02234,1.82821
02235,0.92492
02236,3.20284
02237,13.49095
02238,11.93505
02239,9.37566
02240,2.34962
02241,5.80174
02242,6.36385
02243,1.36723
02244,3.79063
02245,3.84595
02246,3.12320
02247,4.86006
02248,2.51111
02249,1.57728
02250,4.07756
02251,-0.07293
02252,1.95674
02253,4.14883
02254,5.03162
02255,3.24470
02256,5.65158
02257,2.40334
02258,3.17649
02259,2.58336
02260,4.34152
02261,3.73620
02262,6.37155
02263,5.84269
02264,2.91835
02265,10.20175
02266,8.34749
02267,5.16112
02268,4.27771
02269,9.31396
02270,3.54793
02271,2.78427
02272,1.17874
02273,1.95568
02274,3.41132
02275,0.78954
02276,5.28598
02277,6.23994
02278,3.34140
02279,4.33436
02280,5.77098
02281,2.24334
02282,7.91597
02283,2.85009
02284,0.54455
02285,6.76463
02286,3.88431
02287,2.94755
02288,1.25077
02289,1.75150
02290,1.59620
02291,0.46743
02292,4.31574
02293,2.18308
02294,3.51664
02295,8.15415
02296,2.06752
02297,1.96364
02298,4.69259
02299,-0.71369
02300,2.61836
02301,8.05804
02302,1.24176
02303,-0.52394
02304,1.17365
02305,1.95352
02306,5.22237
02307,9.39801
02308,9.00437
02309,4.63716
02310,6.64770
02311,-1.91843
02312,5.08265
02313,6.50087
02314,16.94542
02315,17.54591
02316,0.64333
02317,18.04267
02318,16.92807
02319,-6.50453
02320,26.61055
02321,20.64790
02322,15.34600
02323,39.89005
02324,-1.73450
02325,5.33865
02326,67.70453
02327,14.07373
02328,1.29657
02329,29.59411
02330,19.94655
02331,15.93439
02332,2.30193
02333,-6.49342
02334,60.41632
02335,60.40286
02336,1.16050
02337,17.99545
02338,10.46298
02339,31.05474
02340,-3.19064
02341,1.70134
02342,4.34363
02343,25.81392
02344,8.31192
02345,-0.55316
02346,31.07176
02347,10.43513
02348,32.61671
02349,17.61643
02350,-7.12586
02351,38.59398
02352,20.00220
02353,-7.30127
02354,19.38701
02355,8.42545
02356,13.56077
02357,68.28996
02358,12.65390
02359,-5.70316
02360,30.35143
02361,22.23458
02362,-3.97301
02363,5.75451
02364,7.02993
02365,-1.51416
02366,9.29811
02367,8.40230
02368,17.53924
02369,33.90857
02370,-1.53449
02371,0.89058
02372,10.83491
02373,4.62147
02374,-4.49916
02375,22.48405
02376,16.61206
02377,2.70686
02378,35.64214
02379,30.76565
02380,-2.50747
02381,4.71394
02382,5.78634
02383,-2.98080
02384,9.22932
02385,17.98013
02386,-2.09603
02387,19.92531
02388,56.84513
02389,12.57444
02390,3.21698
02391,18.58335
02392,0.70470
02393,0.52683
02394,0.08929
02395,0.80341
02396,-0.72300
02397,24.18262
02398,27.73604
02399,24.62615
02400,25.90044
02401,-0.43213
02402,0.78816
02403,-0.44960
02404,0.86118
02405,-1.16789
02406,7.74307
02407,23.67817
02408,9.58359
02409,3.97061
02410,42.03045
02411,23.13333
02412,-2.22886
02413,1.41651
02414,-0.42883
02415,-0.10117
02416,1.23943
02417,3.27604
02418,32.76324
02419,25.85354
02420,6.33639
02421,23.33098
02422,11.00892
02423,0.43741
02424,0.31380
02425,0.01084
02426,0.10416
02427,-0.03510
02428,2.02758
02429,33.87816
02430,34.15746
02431,6.36365
02432,4.87291
02433,16.67657
02434,-1.30529
02435,2.19998
02436,-0.18171
02437,3.93243
02438,26.60272
02439,6.77959
02440,8.97591
02441,32.73627
02442,8.67896
02443,0.93506
02444,5.91302
02445,-1.75481
02446,1.79186
02447,8.62037
02448,-1.61352
02449,26.59825
02450,28.32400
02451,7.28774
02452,22.05607
02453,5.23270
02454,-1.17735
02455,0.55313
02456,0.29419
02457,-0.56698
02458,10.97671
02459,14.03773
02460,0.86953
02461,30.70457
02462,9.14222
02463,-0.83966
02464,10.24052
02465,0.03793
02466,-0.01563
02467,1.22259
02468,1.80343
02469,8.93269
02470,21.44850
02471,4.19054
02472,6.57617
02473,16.68022
02474,3.56943
02475,3.79407
02476,3.13739
02477,1.05827
02478,15.84021
02479,16.75478
02480,9.63034
02481,23.17229
02482,12.81137
02483,1.37896
02484,7.69983
02485,2.98044
02486,0.61112
02487,2.47598
02488,6.01287
02489,6.40272
02490,3.49501
02491,8.06011
02492,15.70750
02493,17.56479
02494,4.53312
02495,1.99878
02496,9.58528
02497,0.80344
02498,3.57937
02499,10.10593
02500,9.44045
02501,4.90476
02502,11.64682
02503,-0.50250
02504,8.04907
02505,11.42871
02506,-0.40364
02507,1.48468
02508,7.06341
02509,2.19941
02510,-0.25223
02511,11.63201
02512,9.99516
02513,1.11461
02514,7.00445
02515,4.08814
02516,4.04785
02517,6.21361
02518,-1.34028
02519,7.62765
02520,7.57375
02521,6.10372
02522,7.81621
02523,8.44336
02524,5.99836
02525,7.97815
02526,4.95740
02527,-0.65728
02528,0.51378
02529,0.07142
02530,5.91201
02531,3.65629
02532,15.70500
02533,8.18739
02534,8.81950
02535,9.56203
02536,4.52113
02537,3.52820
02538,0.23120
02539,1.87743
02540,0.53852
02541,8.08858
02542,10.72081
02543,-1.00255
02544,6.35564
02545,8.70323
02546,-0.08527
02547,-0.46176
02548,6.68595
02549,3.89229
02550,0.88935
02551,2.49256
02552,9.66391
02553,14.90740
02554,3.24394
02555,3.99250
02556,5.47965
02557,5.28456
02558,5.71825
02559,-0.15694
02560,3.32411
02561,4.27371
02562,0.46616
02563,6.08816
02564,1.87563
02565,6.59422
02566,12.41955
02567,6.02475
02568,8.77237
02569,2.81268
02570,1.91327
02571,-0.24936
02572,0.02023
02573,0.65951
02574,-0.64357
02575,6.07633
02576,13.11178
02577,5.55386
02578,5.09485
02579,10.57669
02580,5.66319
02581,1.87550
02582,3.80885
02583,4.32318
02584,-1.32570
02585,5.42003
02586,10.77961
02587,7.73613
02588,8.75632
02589,5.17665
02590,2.90204
02591,2.60751
02592,3.20230
02593,1.88445
02594,4.84573
02595,10.45645
02596,6.19637
02597,6.57474
02598,-1.08413
02599,0.66679
02600,-0.41698
02601,0.79890
02602,-0.14689
02603,2.36520
02604,9.04851
02605,6.25693
02606,3.16425
02607,11.39535
02608,4.38092
02609,4.14447
02610,0.17279
02611,0.75139
02612,-0.20603
02613,1.10261
02614,1.24889
02615,2.33432
02616,6.13388
02617,5.20758
02618,1.28386
02619,1.47665
02620,1.98897
02621,-0.16078
02622,4.06342
02623,2.33691
02624,-0.15806
02625,4.15230
02626,1.52842
02627,1.14451
02628,-0.23953
02629,0.76811
02630,1.94330
02631,4.97641
02632,10.78198
02633,0.42373
02634,3.54533
02635,9.70781
02636,2.40488
02637,3.63812
02638,9.96973
02639,13.51180
02640,9.55322
02641,5.09895
02642,6.37262
02643,9.67201
02644,2.84350
02645,0.51221
02646,0.62553
02647,7.31454
02648,9.35962
02649,3.93809
02650,11.75287
02651,2.56031
02652,4.10814
02653,2.12009
02654,0.29967
02655,2.19641
02656,0.80295
02657,5.11212
02658,2.71292
02659,1.47524
02660,3.16395
02661,-0.52229
02662,2.97269
02663,1.57584
02664,3.03772
02665,6.34642
02666,0.89521
02667,4.70043
02668,4.04981
02669,3.76030
02670,5.06088
02671,4.58789
02672,9.06854
02673,7.95502
02674,2.95597
02675,3.16501
02676,4.59798
02677,7.15034
02678,6.19535
02679,1.36784
02680,2.38830
02681,2.30853
02682,0.30958
02683,2.94293
02684,4.81775
02685,4.47268
02686,4.47117
02687,6.32278
02688,5.63125
02689,3.92432
02690,5.53737
02691,6.25041
02692,3.66950
02693,7.04963
02694,3.57521
02695,4.18914
02696,2.12114
02697,8.88238
02698,9.93230
02699,-0.91110
02700,3.45233
02701,1.40442
02702,2.09111
02703,10.79486
02704,4.00510
02705,8.11313
02706,9.12739
02707,1.23077
02708,5.85527
02709,2.44098
02710,2.81725
02711,3.96990
02712,-0.87057
02713,3.38333
02714,5.41661
02715,2.88866
02716,6.07439
02717,7.58452
02718,6.92444
02719,1.29617
02720,3.29574
02721,7.81128
02722,1.59572
02723,4.76201
02724,6.25829
02725,2.47397
02726,8.34822
02727,1.47576
02728,0.40547
02729,5.00665
02730,2.47611
02731,5.98591
02732,9.62296
02733,1.93989
02734,2.29024
02735,3.57491
02736,1.07709
02737,1.62702
02738,3.12132
02739,5.85479
02740,3.14350
02741,2.11211
02742,5.05847
02743,1.33076
02744,-0.82906
02745,3.43972
02746,0.79406
02747,0.24289
02748,2.89679
02749,8.64476
02750,3.80693
02751,1.16848
02752,1.79761
02753,2.91414
02754,0.74195
02755,4.23595
02756,8.12220
02757,7.06998
02758,4.82914
02759,6.72211
02760,6.12663
02761,3.53389
02762,2.05580
02763,2.96773
02764,4.93334
02765,6.86121
02766,9.35198
02767,5.50055
02768,10.68877
02769,7.06949
02770,1.40962
02771,3.10892
02772,3.87193
02773,2.56659
02774,7.37857
02775,5.23574
02776,2.41384
02777,3.94187
02778,2.84935
02779,9.92583
02780,8.40219
02781,5.67331
02782,11.15088
02783,0.96545
02784,4.32293
02785,1.70959
02786,3.06775
02787,5.55326
02788,5.41573
02789,1.96105
02790,4.87464
02791,3.20917
02792,2.14740
02793,5.44705
02794,6.44381
02795,5.57860
02796,7.63787
02797,5.18935
02798,7.53399
02799,1.29122
02800,1.23898
02801,1.51843
02802,4.46477
02803,6.82355
02804,3.27345
02805,7.98767
02806,6.58939
02807,5.27128
02808,3.22441
02809,2.84953
02810,0.59180
02811,0.45392
02812,3.18709
02813,3.00470
02814,0.02437
02815,1.42819
02816,2.53974
02817,7.00290
02818,6.22158
02819,4.99106
02820,5.46235
02821,7.56474
02822,2.96392
02823,1.78181
02824,0.50149
02825,0.76234
02826,5.80746
02827,3.17612
02828,0.77401
02829,0.59946
02830,5.04392
02831,11.64619
02832,10.33305
02833,5.11681
02834,2.17804
02835,4.28314
02836,5.52417
02837,6.44202
02838,-0.75609
02839,8.48525
02840,7.75189
02841,1.65481
02842,2.21178
02843,2.09640
02844,3.84006
02845,3.07530
02846,2.98561
02847,-1.02111
02848,1.28671
02849,4.07842
02850,4.62939
02851,2.96235
02852,7.91539
02853,10.42641
02854,9.33516
02855,9.08094
02856,13.56142
02857,4.76310
02858,1.82297
02859,4.00648
02860,2.90382
02861,0.08309
02862,3.09871
02863,0.05130
02864,4.20582
02865,13.76708
02866,4.49331
02867,-0.00909
02868,8.81629
02869,7.16546
02870,1.55023
02871,7.94339
02872,6.80571
02873,2.18554
02874,2.15089
02875,2.51831
02876,7.99883
02877,4.03730
02878,1.36760
02879,11.03747
02880,4.23306
02881,-1.00777
02882,1.92160
02883,10.57010
02884,4.75908
02885,2.27349
02886,5.66808
02887,2.93490
02888,4.51376
02889,5.91486
02890,4.73864
02891,2.56572
02892,3.57504
02893,-1.12411
02894,2.11005
02895,6.28355
02896,2.50612
02897,9.05686
02898,4.49384
02899,-0.04346
02900,0.07937
02901,1.87088
02902,12.23928
02903,5.54733
02904,3.26585
02905,6.73641
02906,3.87522
02907,3.41632
02908,7.53784
02909,8.63910
02910,3.36907
02911,1.39871
02912,2.45925
02913,4.98682
02914,1.40035
02915,4.88357
02916,6.29931
02917,6.46266
02918,1.76019
02919,0.75125
02920,6.70372
02921,8.81833
02922,2.87919
02923,1.59998
02924,6.39942
02925,2.74026
02926,-0.45096
02927,4.13354
02928,11.28836
02929,3.34423
02930,-0.07502
02931,2.09712
02932,-0.01871
02933,-0.02209
02934,2.65020
02935,2.28123
02936,6.58791
02937,1.60099
02938,-0.84778
02939,2.49396
02940,5.11701
02941,1.58288
02942,4.12075
02943,6.03703
02944,0.92393
02945,13.49502
02946,8.24247
02947,-1.14194
02948,4.30242
02949,-0.40318
02950,1.85625
02951,3.30392
02952,-0.34636
02953,3.54120
02954,13.69395
02955,14.94944
02956,3.54374
02957,2.07474
02958,5.92582
02959,0.99206
02960,4.45909
02961,4.54085
02962,2.05146
02963,6.33962
02964,1.97174
02965,0.45765
02966,-0.91430
02967,5.03806
02968,7.43222
02969,4.13784
02970,1.75255
02971,-0.28849
02972,6.59330
02973,8.95259
02974,1.29349
02975,0.42742
02976,2.42750
02977,1.99228
02978,-0.13864
02979,4.27362
02980,3.80393
02981,-0.41500
02982,9.12538
02983,9.27019
02984,-0.78458
02985,2.61089
02986,8.31050
02987,2.19862
02988,8.51510
02989,6.65921
02990,2.61296
02991,10.44920
02992,12.27971
02993,2.31040
02994,1.38876
02995,11.80176
02996,2.04297
02997,-1.01123
02998,8.15031
02999,11.94946
03000,9.37301
03001,11.35053
03002,-0.56711
03003,6.22190
03004,8.53522
03005,5.06013
03006,4.04704
03007,2.73614
03008,10.96552
03009,5.27614
03010,1.37271
03011,5.73629
03012,1.43749
03013,6.35352
03014,9.76932
03015,0.39268
03016,1.89176
03017,5.52470
03018,4.00769
03019,2.51999
03020,4.40474
03021,2.36008
03022,6.38220
03023,3.76425
03024,-0.24080
03025,11.05110
03026,9.94908
03027,3.89983
03028,2.66183
03029,5.24631
03030,6.36231
03031,8.09775
03032,8.00490
03033,3.78637
03034,6.75763
03035,8.01632
03036,3.37196
03037,1.76438
03038,7.60371
03039,10.99057
03040,2.67717
03041,6.75197
03042,5.06944
03043,3.80471
03044,5.68419
03045,12.05134
03046,5.25985
03047,5.83927
03048,4.42405
03049,0.86520
03050,6.57748
03051,15.99433
03052,2.17570
03053,7.95541
03054,15.72644
03055,2.09616
03056,4.19791
03057,9.52036
03058,2.13933
03059,6.34557
03060,6.75075
03061,5.51232
03062,5.86608
03063,6.20226
03064,15.08067
03065,3.00751
03066,-0.51290
03067,0.77276
03068,0.92848
03069,6.82199
03070,7.80706
03071,1.07430
03072,10.18298
03073,10.87620
03074,0.27702
03075,2.37248
03076,11.83970
03077,3.74080
03078,5.08000
03079,6.67611
03080,-0.52633
03081,3.55515
03082,5.59356
03083,4.42927
03084,3.02285
03085,11.59031
03086,10.65543
03087,3.09637
03088,4.75557
03089,3.27846
03090,3.56181
03091,5.79116
03092,1.65852
03093,-0.24147
03094,4.56935
03095,3.39677
03096,-0.46751
03097,3.91547
03098,2.35704
03099,2.21041
03100,6.39128
03101,9.19722
03102,6.66145
03103,13.16395
03104,9.33516
03105,1.35357
03106,0.16585
03107,0.42103
03108,1.45117
03109,5.28389
03110,6.15439
03111,-0.57266
03112,6.92151
03113,4.23825
03114,-1.71357
03115,4.38790
03116,10.24826
03117,11.54436
03118,7.81173
03119,1.44755
03120,1.79996
03121,7.54560
03122,8.99475
03123,7.10973
03124,4.26215
03125,4.71891
03126,7.86378
03127,1.89254
03128,2.47310
03129,1.05146
03130,0.49703
03131,8.85649
03132,12.51463
03133,1.00660
03134,-0.55526
03135,10.97871
03136,11.99547
03137,5.19413
03138,-0.14840
03139,2.36221
03140,9.23508
03141,9.80707
03142,3.23352
03143,3.82978
03144,10.37815
03145,4.37566
03146,1.45650
03147,1.78315
03148,9.22751
03149,9.57607
03150,2.87205
03151,-0.90964
03152,2.50732
03153,6.21806
03154,1.62505
03155,0.71582
03156,0.17583
03157,0.20639
03158,4.29831
03159,1.75606
03160,1.81251
03161,6.22498
03162,0.09752
03163,2.20918
03164,3.48694
03165,3.51423
03166,6.96595
03167,-0.37675
03168,1.39081
03169,5.82727
03170,6.26151
03171,1.14018
03172,-1.78346
03173,13.45258
03174,23.82813
03175,1.07492
03176,-0.86531
03177,6.32063
03178,28.72336
03179,6.96249
03180,-3.06522
03181,9.43464
03182,16.67800
03183,0.58154
03184,0.06713
03185,5.20272
03186,19.05453
03187,30.09804
03188,8.71595
03189,-1.99960
03190,12.29745
03191,19.48499
03192,10.89258
03193,3.51375
03194,12.88196
03195,14.91196
03196,6.90032
03197,4.56876
03198,18.76812
03199,15.43330
03200,7.29571
03201,9.06393
03202,2.71437
03203,-1.31987
03204,5.89696
03205,13.41751
03206,5.69080
03207,0.55226
03208,1.29676
03209,1.56789
03210,2.17944
03211,0.74647
03212,1.03752
03213,8.01695
03214,3.97236
03215,-0.30402
03216,0.41715
03217,13.37657
03218,9.43394
03219,3.94124
03220,3.28846
03221,3.43492
03222,10.32738
03223,1.50793
03224,0.13754
03225,6.62763
03226,14.04533
03227,7.41913
03228,-0.86789
03229,3.45079
03230,6.60785
03231,6.00587
03232,7.55870
03233,-0.36633
03234,1.15167
03235,6.09309
03236,0.95990
03237,-0.27156
03238,0.86457
03239,1.36548
03240,0.23021
03241,0.07123
03242,-0.03585
03243,0.01577
03244,0.33102
03245,0.00000
03246,-0.00000
03247,0.00000
03248,0.00000
03249,-0.00000
03250,0.00000
03251,-0.00000
03252,0.07800
03253,0.82652
03254,0.32644
03255,-0.58570
03256,5.19647
03257,1.67744
03258,-0.96893
03259,2.78913
03260,11.20305
03261,2.62144
03262,-0.52475
03263,2.04809
03264,24.58669
03265,25.84871
03266,5.37758
03267,14.60529
03268,22.58044
03269,18.33289
03270,26.73820
03271,57.24970
03272,54.94284
03273,21.00986
03274,14.29825
03275,35.26390
03276,55.98062
03277,33.56031
03278,21.94802
03279,43.05696
03280,46.50528
03281,21.49609
03282,3.06466
03283,18.22768
03284,45.45665
03285,38.85440
03286,7.11645
03287,-1.96969
03288,14.67785
03289,25.26568
03290,7.45582
03291,0.07573
03292,8.50637
03293,9.29321
03294,2.39767
03295,-0.37802
03296,0.16559
03297,-0.07041
03298,0.09877
03299,0.00000
03300,0.04254
03301,-0.09084
03302,0.17806
03303,-0.37621
03304,3.61979
03305,0.80365
03306,-0.28621
03307,0.32371
03308,-0.21114
03309,0.25159
03310,-0.49509
03311,3.21338
03312,20.34418
03313,10.89936
03314,-1.00855
03315,-0.06612
03316,8.74877
03317,22.98304
03318,14.39439
03319,2.22136
03320,-0.27229
03321,-0.15474
03322,5.23297
03323,7.57790
03324,3.96867
03325,0.46780
03326,1.17549
03327,-0.30502
03328,0.17402
03329,-0.04479
03330,0.02836
03331,0.66204
03332,0.00000
03333,-0.00000
03334,0.00000
03335,-0.00000
03336,0.00000
03337,0.39408
03338,-0.11530
03339,0.22196
03340,-0.44777
03341,1.35380
03342,4.07537
03343,0.47063
03344,0.05761
03345,-0.02347
03346,0.24833
03347,-0.29679
03348,0.60979
03349,-1.18557
03350,18.13969
03351,24.66440
03352,11.64703
03353,-2.32281
03354,19.93560
03355,56.68365
03356,36.80653
03357,4.32592
03358,40.77753
03359,83.76255
03360,52.46682
03361,1.12306
03362,16.38412
03363,89.60293
03364,93.36013
03365,18.60124
03366,1.94835
03367,40.67492
03368,74.20982
03369,38.94981
03370,10.71635
03371,32.36885
03372,49.18417
03373,17.39160
03374,-3.13539
03375,12.30491
03376,40.31386
03377,21.60369
03378,1.27305
03379,-0.07380
03380,-0.01169
03381,0.16525
03382,0.16312
03383,-0.12540
03384,1.86864
03385,0.26788
03386,-0.09540
03387,0.04748
03388,-0.02390
03389,0.01051
03390,0.00000
03391,0.00000
03392,0.00000
03393,-0.00000
03394,0.00000
03395,-0.00000
03396,0.00000
03397,1.32408
03398,0.09218
03399,-0.17555
03400,0.34037
03401,-0.72609
03402,5.33762
03403,4.21844
03404,-0.21447
03405,0.24669
03406,-0.21521
03407,0.34170
03408,0.02851
03409,4.22364
03410,5.91903
03411,4.28163
03412,0.31557
03413,0.56298
03414,0.04784
03415,0.02310
03416,1.01408
03417,0.00000
03418,-0.00000
03419,0.00000
03420,-0.00000
03421,0.00000
03422,0.00000
03423,0.00000
03424,0.00000
03425,0.00000
03426,0.00000
03427,0.00000
03428,0.00000
03429,0.08617
03430,-0.17784
03431,0.34959
03432,-0.71616
03433,3.23327
03434,7.47509
03435,0.26601
03436,-1.70293
03437,16.65855
03438,103.70797
03439,41.34889
03440,-3.80586
03441,-1.13737
03442,102.45748
03443,193.71222
03444,60.27970
03445,-6.15848
03446,10.95480
03447,106.20527
03448,127.83427
03449,39.92860
03450,8.72855
03451,57.91173
03452,111.10992
03453,58.99900
03454,1.95821
03455,5.21299
03456,93.16802
03457,142.43782
03458,34.80735
03459,-3.08311
03460,-0.72112
03461,64.52018
03462,90.82693
03463,8.12544
03464,-0.93841
03465,2.31733
03466,23.37166
03467,2.34455
03468,1.17341
03469,-3.49349
03470,23.96512
03471,22.76915
03472,-4.21399
03473,2.78485
03474,-2.32574
03475,30.21765
03476,10.94277
03477,-2.73495
03478,1.35281
03479,-0.36297
03480,-0.17395
03481,1.00696
03482,-1.83982
03483,20.40969
03484,28.12331
03485,0.62875
03486,0.79735
03487,0.59734
03488,41.55843
03489,48.39183
03490,3.04279
03491,0.61521
03492,9.45314
03493,12.57471
03494,11.70509
03495,25.88042
03496,45.97169
03497,18.96387
03498,-2.17099
03499,0.48553
03500,11.51633
03501,17.60040
03502,7.94242
03503,0.06405
03504,0.05198
03505,-0.04240
03506,0.10981
03507,0.03153
03508,0.00000
03509,0.66204
03510,0.00000
03511,-0.00000
03512,0.00000
03513,-0.00000
03514,0.00000
03515,0.00000
03516,0.00000
03517,0.00000
03518,0.00000
03519,0.00000
03520,0.00000
03521,0.00000
03522,0.00000
03523,1.13220
03524,-0.94217
03525,1.55236
03526,-3.46973
03527,31.22888
03528,147.96857
03529,57.51241
03530,-2.15785
03531,-6.71661
03532,133.76991
03533,237.57076
03534,48.46692
03535,-14.65847
03536,103.49744
03537,214.30630
03538,38.94169
03539,-18.36609
03540,114.43196
03541,376.84467
03542,129.92943
03543,-12.26510
03544,3.51183
03545,247.96393
03546,269.43820
03547,13.84522
03548,-11.96686
03549,99.35088
03550,188.73163
03551,15.83569
03552,-8.44164
03553,59.37985
03554,242.13179
03555,65.01611
03556,-4.61052
03557,-6.48889
03558,103.88321
03559,104.91482
03560,-7.96279
03561,-0.99585
03562,31.16349
03563,42.96635
03564,-4.39277
03565,-1.75534
03566,24.46380
03567,97.37677
03568,12.89303
03569,0.23754
03570,-4.35848
03571,32.76855
03572,35.87070
03573,-3.12576
03574,-0.44270
03575,19.00777
03576,17.72199
03577,-1.36301
03578,-1.52215
03579,39.27693
03580,106.45229
03581,48.72763
03582,-1.62320
03583,0.69183
03584,34.08142
03585,62.17763
03586,36.29332
03587,39.08352
03588,46.47004
03589,21.21292
03590,-1.22304
03591,3.50887
03592,42.40961
03593,77.01279
03594,55.73731
03595,8.24645
03596,0.06904
03597,-1.36928
03598,14.88225
03599,56.48896
03600,25.85063
03601,-3.13182
03602,1.52330
03603,-0.78089
03604,0.45922
03605,0.97321
03606,14.79967
03607,4.47074
03608,-0.82033
03609,0.38364
03610,-0.20455
03611,0.14815
03612,0.00000
03613,0.00000
03614,0.06832
03615,-0.15536
03616,0.30864
03617,-0.62011
03618,1.74125
03619,4.20164
03620,-0.81512
03621,0.42783
03622,1.02464
03623,-1.77365
03624,3.50115
03625,-7.11742
03626,60.41043
03627,110.18229
03628,11.67904
03629,-0.07476
03630,12.08854
03631,239.99690
03632,205.84111
03633,7.66755
03634,-8.29027
03635,151.51369
03636,245.86418
03637,30.34899
03638,-14.94044
03639,155.68810
03640,357.21506
03641,85.58930
03642,-12.34256
03643,29.17195
03644,325.93069
03645,245.78047
03646,1.28239
03647,-8.14509
03648,124.57747
03649,212.07817
03650,18.09778
03651,-9.77687
03652,65.21712
03653,221.63213
03654,37.50094
03655,-2.15481
03656,-4.58915
03657,114.73453
03658,99.00675
03659,-9.50296
03660,2.69937
03661,8.24877
03662,16.06362
03663,-1.69570
03664,-1.21088
03665,9.67890
03666,32.17747
03667,-1.63394
03668,2.73555
03669,-4.66351
03670,23.42053
03671,35.55861
03672,-2.96962
03673,2.18865
03674,-1.75382
03675,7.13685
03676,5.76566
03677,2.22734
03678,16.96189
03679,41.76612
03680,35.45314
03681,12.46749
03682,3.76837
03683,36.74549
03684,79.73360
03685,67.22040
03686,24.40728
03687,4.26104
03688,34.25475
03689,60.41421
03690,42.10212
03691,23.33411
03692,28.79869
03693,34.18046
03694,8.36350
03695,-0.41684
03696,7.17142
03697,21.67653
03698,25.80846
03699,3.84794
03700,-0.54225
03701,0.24712
03702,-0.07342
03703,0.20095
03704,0.00000
03705,0.00000
03706,0.00000
03707,0.00000
03708,0.00000
03709,0.00000
03710,0.00000
03711,0.00000
03712,0.00000
03713,0.01051
03714,0.03282
03715,-0.07364
03716,0.14201
03717,-0.20220
03718,3.94960
03719,0.50046
03720,0.53671
03721,-1.43492
03722,20.18502
03723,17.56382
03724,0.06166
03725,-0.76349
03726,7.24961
03727,28.01626
03728,51.61753
03729,79.94734
03730,31.29565
03731,28.33906
03732,138.12022
03733,39.30048
03734,-2.36555
03735,12.98492
03736,289.99393
03737,235.93304
03738,-4.00797
03739,-9.73399
03740,160.89964
03741,343.69324
03742,51.30023
03743,-17.94756
03744,81.60420
03745,304.76410
03746,86.80505
03747,-9.26065
03748,4.40297
03749,218.67830
03750,209.81378
03751,-2.69304
03752,3.06795
03753,12.08529
03754,119.39101
03755,43.92788
03756,-5.63727
03757,0.37686
03758,13.34722
03759,12.94654
03760,-3.26589
03761,1.95587
03762,-0.07456
03763,43.30156
03764,20.37767
03765,-4.60421
03766,3.70927
03767,-4.27266
03768,48.52367
03769,43.57568
03770,-3.84005
03771,2.45089
03772,-0.25691
03773,16.71319
03774,7.46105
03775,-3.74443
03776,18.08348
03777,44.19821
03778,6.45023
03779,-0.31764
03780,1.05690
03781,65.33297
03782,117.82984
03783,33.76911
03784,-4.50538
03785,7.58990
03786,80.30829
03787,85.44557
03788,9.56616
03789,5.59273
03790,28.20571
03791,16.33707
03792,2.19690
03793,3.02453
03794,50.21759
03795,49.01349
03796,-1.03439
03797,1.94757
03798,-2.63149
03799,15.63781
03800,27.60690
03801,-1.04739
03802,0.74990
03803,-0.38984
03804,0.17059
03805,0.07883
03806,0.00000
03807,0.00000
03808,0.00000
03809,0.00000
03810,0.00000
03811,0.00000
03812,0.00000
03813,0.00000
03814,0.00000
03815,0.30479
03816,3.20841
03817,-4.23066
03818,7.68268
03819,-14.40659
03820,176.04865
03821,344.47443
03822,58.93598
03823,-7.86900
03824,10.11791
03825,367.96121
03826,525.04443
03827,165.54634
03828,-48.59889
03829,132.31451
03830,515.23236
03831,336.28400
03832,-37.02845
03833,84.87811
03834,470.36783
03835,447.98532
03836,48.42117
03837,-33.90028
03838,276.59189
03839,550.57812
03840,327.71338
03841,-9.80029
03842,4.52460
03843,418.91470
03844,416.17734
03845,11.18863
03846,-24.86079
03847,198.43561
03848,375.49869
03849,9.27997
03850,4.39446
03851,25.55090
03852,414.76685
03853,229.95485
03854,-23.56120
03855,5.85754
03856,29.61855
03857,179.37709
03858,29.33831
03859,-6.62483
03860,7.76249
03861,47.63844
03862,2.32389
03863,1.82562
03864,1.55495
03865,144.60078
03866,140.54942
03867,1.29713
03868,2.52685
03869,3.30377
03870,79.65846
03871,101.73404
03872,59.79872
03873,55.71279
03874,46.41861
03875,4.86168
03876,-2.53066
03877,73.45918
03878,183.30695
03879,167.71281
03880,39.53299
03881,-8.70090
03882,39.77960
03883,150.99638
03884,154.64127
03885,79.74410
03886,78.83521
03887,92.81990
03888,30.46250
03889,-2.43110
03890,73.49821
03891,191.61667
03892,111.05933
03893,-2.14197
03894,-0.88088
03895,30.74301
03896,97.87740
03897,39.05104
03898,-2.28782
03899,1.54570
03900,-1.26838
03901,1.76926
03902,-2.05022
03903,9.12726
03904,16.46512
03905,-0.32865
03906,-0.13599
03907,1.07589
03908,-2.72814
03909,11.47840
03910,15.80695
03911,-1.86063
03912,0.77493
03913,0.08826
03914,-1.19883
03915,11.46827
03916,34.69209
03917,10.49695
03918,-1.41753
03919,1.10413
03920,-0.26943
03921,38.42414
03922,45.24861
03923,35.88959
03924,23.65103
03925,2.14105
03926,11.02425
03927,11.82862
03928,47.53829
03929,90.99655
03930,126.85395
03931,69.40405
03932,38.35574
03933,51.14751
03934,119.75925
03935,100.27963
03936,61.80544
03937,97.91852
03938,167.27396
03939,122.04952
03940,14.43321
03941,14.76684
03942,155.43623
03943,205.35468
03944,81.00774
03945,-7.92664
03946,29.39339
03947,120.05968
03948,101.13642
03949,14.00810
03950,17.56212
03951,81.87275
03952,54.69107
03953,-0.49513
03954,-2.81216
03955,34.02468
03956,79.27648
03957,20.64025
03958,-2.36416
03959,1.54610
03960,-1.34975
03961,25.54822
03962,16.14926
03963,-2.32064
03964,1.12747
03965,-0.32567
03966,-0.24227
03967,1.09167
03968,-2.17867
03969,13.09023
03970,11.45536
03971,-3.13244
03972,2.41674
03973,-2.45904
03974,37.07793
03975,54.81419
03976,4.91989
03977,0.25479
03978,0.16316
03979,31.99875
03980,39.64013
03981,29.18168
03982,36.22356
03983,33.44111
03984,12.16948
03985,-0.41862
03986,20.12746
03987,70.53106
03988,69.37657
03989,21.04229
03990,-4.15699
03991,16.61850
03992,58.27415
03993,59.27188
03994,15.35119
03995,2.06256
03996,20.75680
03997,27.58030
03998,4.06543
03999,6.70754
04000,27.47580
04001,7.27791
04002,3.89056
04003,3.38682
04004,-2.79655
04005,9.41510
04006,46.64237
04007,39.07531
04008,32.82189
04009,3.26490
04010,-0.21823
04011,1.47769
04012,50.88417
04013,48.35505
04014,9.79187
04015,0.37637
04016,-3.03262
04017,25.88697
04018,88.64554
04019,93.02238
04020,15.21216
04021,-1.04297
04022,-0.88921
04023,104.54377
04024,167.80832
04025,195.76228
04026,91.23825
04027,-2.67230
04028,-6.37426
04029,96.87120
04030,456.84268
04031,269.61539
04032,-2.46231
04033,-13.78068
04034,220.81870
04035,411.95325
04036,56.64641
04037,-28.33402
04038,167.09627
04039,471.85361
04040,100.02627
04041,-14.86035
04042,29.99522
04043,445.63687
04044,411.06235
04045,5.88471
04046,-14.29094
04047,123.23080
04048,434.43948
04049,89.84025
04050,-13.78579
04051,24.23734
04052,284.56042
04053,123.04303
04054,-9.99597
04055,-12.31110
04056,216.92799
04057,331.44312
04058,5.44180
04059,7.05373
04060,1.45853
04061,206.37531
04062,130.93671
04063,-9.24267
04064,-1.23701
04065,70.83956
04066,74.76969
04067,-3.27365
04068,-3.26027
04069,109.40475
04070,202.36179
04071,40.12144
04072,-3.91549
04073,8.26286
04074,148.92209
04075,156.12524
04076,18.29694
04077,6.41416
04078,113.98604
04079,94.90871
04080,-1.12295
04081,16.77113
04082,155.73880
04083,190.10106
04084,39.87965
04085,-6.68849
04086,16.01135
04087,134.73401
04088,126.96700
04089,15.68845
04090,-3.96818
04091,18.49906
04092,33.93903
04093,2.74231
04094,-3.39262
04095,33.55465
04096,58.78032
04097,1.39661
04098,2.07743
04099,-2.73024
04100,44.33135
04101,51.89267
04102,-1.54820
04103,1.21415
04104,-0.38415
04105,-0.34328
04106,3.27108
04107,3.25854
04108,-0.81782
04109,0.39698
04110,-0.21115
04111,0.11567
04112,-0.04770
04113,0.23321
04114,0.06032
04115,0.92031
04116,2.19325
04117,4.82993
04118,8.19944
04119,-10.57367
04120,224.13921
04121,380.67120
04122,81.99387
04123,-18.84783
04124,42.96702
04125,423.58820
04126,543.85712
04127,175.48076
04128,-59.84511
04129,174.88286
04130,535.67621
04131,386.54904
04132,-12.54022
04133,60.51138
04134,463.81927
04135,482.50446
04136,74.12360
04137,-43.58428
04138,273.79779
04139,573.68390
04140,349.67111
04141,-6.44246
04142,3.99548
04143,401.25745
04144,527.87360
04145,85.48670
04146,-37.19888
04147,147.45914
04148,413.78278
04149,57.70473
04150,-2.67388
04151,10.01580
04152,405.21811
04153,286.76083
04154,-24.43697
04155,6.03802
04156,43.73466
04157,327.44379
04158,107.54172
04159,-12.51429
04160,0.38985
04161,50.79800
04162,40.63918
04163,-6.15101
04164,6.95048
04165,163.76747
04166,145.53052
04167,-5.12276
04168,0.79578
04169,23.18212
04170,195.05011
04171,159.77454
04172,24.62157
04173,-0.35189
04174,53.30569
04175,81.26402
04176,49.22789
04177,85.78690
04178,188.69928
04179,178.10497
04180,36.81377
04181,-8.97213
04182,102.66194
04183,227.59203
04184,154.10158
04185,44.42867
04186,52.71684
04187,114.20444
04188,110.11037
04189,46.88277
04190,50.63610
04191,127.30234
04192,114.05526
04193,9.85538
04194,-4.33958
04195,31.31486
04196,127.24574
04197,75.42052
04198,-1.12701
04199,0.90529
04200,1.15636
04201,23.26241
04202,3.44332
04203,-0.62414
04204,0.31358
04205,-0.11636
04206,0.11337
04207,0.04337
04208,0.05595
04209,6.92732
04210,7.27816
04211,-0.23628
04212,1.65798
04213,-3.31163
04214,35.74742
04215,57.87712
04216,4.68523
04217,0.01279
04218,0.50573
04219,14.97417
04220,1.39902
04221,1.52377
04222,-2.12323
04223,111.13280
04224,401.04544
04225,282.57614
04226,18.36578
04227,-25.52669
04228,126.90080
04229,531.99084
04230,496.48044
04231,113.02907
04232,-54.86761
04233,269.19220
04234,574.37799
04235,391.29172
04236,-31.48906
04237,119.64840
04238,532.92517
04239,474.49191
04240,38.50422
04241,-5.96541
04242,406.79221
04243,591.35864
04244,351.60324
04245,-55.39470
04246,106.83417
04247,538.57056
04248,542.90155
04249,114.67336
04250,-54.56153
04251,320.92255
04252,572.08771
04253,80.38748
04254,-28.35314
04255,125.36138
04256,617.89001
04257,287.72061
04258,-18.81764
04259,-16.56640
04260,252.24883
04261,574.25684
04262,100.77705
04263,-10.41305
04264,14.66416
04265,178.89262
04266,88.80479
04267,-21.10793
04268,73.33115
04269,292.91345
04270,173.55988
04271,-2.53151
04272,-7.82331
04273,139.72855
04274,369.54691
04275,214.86339
04276,13.19532
04277,13.17882
04278,143.51566
04279,199.60538
04280,121.66556
04281,161.36778
04282,282.01263
04283,234.30763
04284,66.40690
04285,1.81503
04286,159.54866
04287,430.20041
04288,337.29175
04289,26.32642
04290,-10.77747
04291,189.70155
04292,368.01080
04293,144.78160
04294,-3.34204
04295,117.34347
04296,218.84740
04297,87.81210
04298,-14.10684
04299,69.30217
04300,275.47595
04301,163.02515
04302,-2.80120
04303,-3.93551
04304,61.65501
04305,230.26210
04306,92.76250
04307,-4.90682
04308,-0.77364
04309,62.70359
04310,62.88905
04311,-4.36661
04312,7.72880
04313,89.25169
04314,60.22857
04315,-4.62925
04316,1.87578
04317,37.37308
04318,97.65573
04319,96.76902
04320,24.44580
04321,0.31375
04322,24.77488
04323,55.24763
04324,279.33270
04325,555.93237
04326,191.58586
04327,-16.25498
04328,3.51005
04329,406.02652
04330,638.36383
04331,406.21402
04332,-44.33355
04333,114.29404
04334,554.99237
04335,586.04340
04336,136.70195
04337,-22.98717
04338,461.63843
04339,624.76678
04340,303.12289
04341,-81.67524
04342,245.96785
04343,611.70380
04344,570.83173
04345,141.70634
04346,-47.42264
04347,418.39285
04348,666.13794
04349,383.74362
04350,-55.03162
04351,133.94034
04352,639.42279
04353,406.04733
04354,-17.83091
04355,6.27945
04356,453.13828
04357,647.83832
04358,106.57844
04359,-25.72647
04360,72.41340
04361,614.59137
04362,399.39392
04363,-14.09259
04364,-6.06623
04365,231.17387
04366,333.10556
04367,22.28053
04368,-15.42630
04369,194.62091
04370,462.85425
04371,132.03044
04372,-17.12671
04373,31.26506
04374,351.65814
04375,418.07346
04376,92.74653
04377,-10.03715
04378,190.36458
04379,326.68872
04380,164.01189
04381,52.57792
04382,248.03342
04383,417.61621
04384,313.37915
04385,76.47144
04386,36.91133
04387,329.47318
04388,455.12784
04389,297.84195
04390,59.53894
04391,84.90629
04392,299.56564
04393,279.35101
04394,128.59262
04395,145.02893
04396,268.18967
04397,226.33356
04398,32.93656
04399,2.45392
04400,199.60123
04401,327.85529
04402,129.49670
04403,-6.91462
04404,13.16309
04405,170.38412
04406,219.30531
04407,46.62439
04408,-5.96669
04409,64.35873
04410,122.05225
04411,42.50179
04412,-8.87773
04413,64.90389
04414,158.07040
04415,93.92654
04416,1.27353
04417,5.37977
04418,101.97530
04419,184.51054
04420,102.15843
04421,-7.78647
04422,35.98426
04423,170.36279
04424,200.96042
04425,61.40039
04426,96.70601
04427,540.63257
04428,532.45618
04429,59.06896
04430,-47.85947
04431,278.35895
04432,660.72717
04433,584.95410
04434,107.54623
04435,-22.97397
04436,491.85294
04437,673.39166
04438,447.69812
04439,-69.43898
04440,322.86688
04441,669.71143
04442,525.06586
04443,1.56924
04444,88.78762
04445,583.09644
04446,655.26642
04447,340.08957
04448,-91.22350
04449,288.01511
04450,672.02643
04451,584.34363
04452,68.14783
04453,-4.87146
04454,553.37762
04455,567.20856
04456,49.71120
04457,-35.37720
04458,295.81573
04459,735.00342
04460,265.19650
04461,-25.99621
04462,8.19130
04463,501.11130
04464,596.62933
04465,43.48561
04466,-20.96763
04467,145.84351
04468,389.88687
04469,89.30003
04470,-26.84723
04471,142.68279
04472,489.15137
04473,229.58829
04474,-11.24898
04475,3.01360
04476,314.77887
04477,500.30887
04478,177.07341
04479,-13.51643
04480,132.03294
04481,329.12442
04482,249.62140
04483,105.55644
04484,227.43971
04485,482.69116
04486,342.07480
04487,38.16302
04488,33.67773
04489,384.96417
04490,546.41394
04491,270.14130
04492,33.73256
04493,161.03749
04494,358.82007
04495,290.66479
04496,138.15346
04497,188.78778
04498,334.30518
04499,235.55522
04500,16.20974
04501,29.19452
04502,265.50702
04503,355.91190
04504,133.80421
04505,-11.76973
04506,39.97124
04507,190.97189
04508,201.75838
04509,55.58080
04510,16.26763
04511,88.44843
04512,104.46372
04513,36.34921
04514,10.65343
04515,83.40415
04516,149.35175
04517,81.04840
04518,-0.56601
04519,19.24383
04520,95.94635
04521,173.81267
04522,151.12811
04523,23.34777
04524,48.76913
04525,145.19592
04526,237.29092
04527,219.26076
04528,232.89610
04529,500.30405
04530,242.57068
04531,-18.89132
04532,36.35001
04533,493.75940
04534,698.29498
04535,381.87415
04536,-64.08395
04537,177.32458
04538,631.44720
04539,648.20398
04540,148.23679
04541,12.85498
04542,545.06116
04543,677.79645
04544,282.01172
04545,-89.70460
04546,340.80005
04547,678.55029
04548,584.97760
04549,66.00270
04550,-9.94166
04551,500.94739
04552,700.20276
04553,293.09149
04554,-64.26441
04555,197.76042
04556,668.01562
04557,257.84460
04558,-35.60389
04559,50.13144
04560,575.49091
04561,528.38898
04562,4.35107
04563,-13.35948
04564,167.26399
04565,670.06158
04566,251.69576
04567,-23.86070
04568,10.82502
04569,305.54553
04570,277.47989
04571,-10.74131
04572,10.32565
04573,311.85333
04574,412.94519
04575,50.12409
04576,-19.90725
04577,117.59437
04578,469.92209
04579,332.65707
04580,21.09049
04581,22.65636
04582,254.65317
04583,302.20779
04584,123.96166
04585,118.99344
04586,379.39960
04587,433.57538
04588,72.10041
04589,0.20016
04590,323.93832
04591,608.77271
04592,304.35709
04593,12.70082
04594,134.10779
04595,351.86728
04596,382.70242
04597,135.22125
04598,146.15935
04599,316.17093
04600,261.81561
04601,67.33485
04602,35.68180
04603,263.94916
04604,348.46579
04605,147.02841
04606,-6.19562
04607,22.03866
04608,187.91936
04609,248.25177
04610,102.98689
04611,0.43680
04612,57.00982
04613,107.03273
04614,73.77825
04615,69.97372
04616,100.06433
04617,104.62975
04618,61.62078
04619,-0.80841
04620,25.14702
04621,143.94844
04622,170.47820
04623,92.16055
04624,17.01549
04625,52.66054
04626,117.38217
04627,125.11337
04628,147.20366
04629,165.80757
04630,134.92081
04631,126.80154
04632,304.49066
04633,558.21088
04634,236.33244
04635,-42.16590
04636,80.44233
04637,539.49261
04638,681.16626
04639,319.74515
04640,-90.63038
04641,289.89014
04642,655.99231
04643,617.69025
04644,91.43170
04645,53.34560
04646,584.63702
04647,668.59155
04648,276.93787
04649,-90.60635
04650,385.28613
04651,673.73523
04652,582.22552
04653,34.91842
04654,43.98542
04655,573.53571
04656,690.59821
04657,293.94186
04658,-78.51036
04659,283.17639
04660,716.45618
04661,313.15210
04662,-44.96509
04663,77.08815
04664,621.28125
04665,536.69342
04666,9.75303
04667,-24.44162
04668,246.11972
04669,728.24927
04670,254.16068
04671,-25.96199
04672,16.21385
04673,363.75479
04674,364.00586
04675,10.02843
04676,-2.10644
04677,292.39478
04678,401.99323
04679,57.45902
04680,-23.50673
04681,151.70624
04682,507.12216
04683,323.79260
04684,14.65979
04685,24.24691
04686,299.26505
04687,380.97861
04688,170.29349
04689,133.65393
04690,310.69464
04691,441.51355
04692,283.81372
04693,5.80610
04694,217.45709
04695,514.95093
04696,537.85693
04697,173.10794
04698,-28.41249
04699,268.02216
04700,518.74768
04701,318.10995
04702,68.19283
04703,136.62996
04704,366.39020
04705,249.05269
04706,11.50988
04707,82.71574
04708,367.26559
04709,333.22977
04710,46.63849
04711,-18.06850
04712,103.92014
04713,351.13004
04714,200.25748
04715,2.83316
04716,-1.83431
04717,113.14146
04718,176.11458
04719,35.79224
04720,-0.42785
04721,101.56971
04722,160.44331
04723,42.00690
04724,-8.31125
04725,76.72231
04726,159.30583
04727,191.32320
04728,36.04266
04729,15.77416
04730,126.64928
04731,187.98007
04732,206.40634
04733,126.44041
04734,227.83784
04735,557.95886
04736,440.85907
04737,28.58072
04738,-36.37064
04739,347.52484
04740,698.62665
04741,599.91077
04742,77.93234
04743,-2.24154
04744,532.80530
04745,694.59247
04746,483.74136
04747,-58.62114
04748,350.25537
04749,701.57422
04750,523.46783
04751,-18.50381
04752,124.02696
04753,620.14886
04754,677.64160
04755,316.13647
04756,-97.01620
04757,316.03604
04758,693.18103
04759,600.91968
04760,80.54980
04761,-16.46071
04762,548.92291
04763,579.47833
04764,47.52640
04765,-33.23272
04766,317.77338
04767,726.91626
04768,203.90396
04769,-22.52985
04770,18.82503
04771,537.78424
04772,624.18347
04773,55.89930
04774,-20.90089
04775,122.71945
04776,414.36591
04777,138.34810
04778,-30.93862
04779,134.61250
04780,493.07974
04781,237.88152
04782,-11.53072
04783,-3.61312
04784,342.74124
04785,630.74957
04786,229.25539
04787,-17.13541
04788,58.86347
04789,359.50922
04790,386.46783
04791,160.05548
04792,189.72549
04793,405.15955
04794,352.88049
04795,197.22699
04796,238.74474
04797,238.53441
04798,412.82404
04799,396.36472
04800,320.89142
04801,165.09242
04802,181.13802
04803,358.03741
04804,369.07889
04805,239.72473
04806,183.26816
04807,207.08022
04808,235.36064
04809,151.43358
04810,121.02504
04811,232.54025
04812,271.92252
04813,100.63429
04814,-9.33574
04815,89.69093
04816,205.27475
04817,152.27039
04818,34.81688
04819,15.84082
04820,73.60543
04821,91.43798
04822,41.36996
04823,41.72853
04824,112.34369
04825,100.44396
04826,6.40285
04827,30.52673
04828,93.81086
04829,156.85124
04830,105.77771
04831,38.69440
04832,61.70051
04833,131.87491
04834,217.63951
04835,181.51584
04836,92.86984
04837,253.19409
04838,611.44128
04839,524.80945
04840,48.72436
04841,-48.91487
04842,343.01672
04843,705.09216
04844,620.57635
04845,107.95757
04846,-15.72045
04847,547.00873
04848,696.86896
04849,525.28137
04850,-55.74590
04851,341.30237
04852,698.94171
04853,609.80603
04854,41.92662
04855,91.37104
04856,630.18970
04857,688.11914
04858,461.51135
04859,-100.99579
04860,304.83835
04861,699.54608
04862,650.92096
04863,144.98839
04864,-39.12030
04865,533.39185
04866,692.33685
04867,135.62454
04868,-55.87340
04869,282.85785
04870,765.12341
04871,325.40161
04872,-32.79861
04873,12.85482
04874,506.30951
04875,747.59393
04876,156.26981
04877,-36.41830
04878,101.69491
04879,485.29099
04880,252.99133
04881,-30.22543
04882,99.71887
04883,491.87598
04884,317.79773
04885,-7.85847
04886,0.56224
04887,325.39923
04888,708.26141
04889,338.13055
04890,-19.25325
04891,21.57601
04892,317.15424
04893,550.26111
04894,286.40723
04895,168.23683
04896,294.12460
04897,420.91006
04898,332.95538
04899,200.85547
04900,374.43134
04901,456.87411
04902,450.54675
04903,208.00223
04904,150.15463
04905,381.24472
04906,492.16864
04907,348.54422
04908,168.99593
04909,201.89229
04910,341.51285
04911,285.21848
04912,182.04961
04913,178.54004
04914,270.26376
04915,253.24980
04916,97.20952
04917,37.10128
04918,190.61664
04919,286.05627
04920,141.51285
04921,-8.53218
04922,36.22408
04923,173.24684
04924,184.52559
04925,69.27682
04926,19.54211
04927,102.24274
04928,134.47665
04929,68.83601
04930,47.41027
04931,150.25351
04932,214.00885
04933,98.84695
04934,26.84698
04935,69.85371
04936,214.67380
04937,265.36777
04938,141.67247
04939,120.45937
04940,152.23396
04941,244.57201
04942,425.30347
04943,668.59009
04944,394.68085
04945,-13.44583
04946,3.26828
04947,500.03989
04948,738.33258
04949,587.53052
04950,-0.23714
04951,108.16924
04952,648.30200
04953,725.53021
04954,431.43286
04955,-64.25201
04956,506.14059
04957,729.35046
04958,552.44666
04959,-47.68322
04960,204.87041
04961,691.79535
04962,705.39337
04963,317.90729
04964,-107.81628
04965,440.34772
04966,753.74829
04967,655.88135
04968,47.43694
04969,71.95142
04970,680.12750
04971,686.97534
04972,114.95771
04973,-43.72894
04974,456.48419
04975,808.72717
04976,328.86682
04977,-60.36748
04978,108.87585
04979,689.23706
04980,753.07568
04981,141.05351
04982,-60.81648
04983,265.56656
04984,710.87238
04985,237.64694
04986,-45.86816
04987,176.49191
04988,650.84235
04989,345.27036
04990,-19.23231
04991,34.91053
04992,526.44458
04993,732.59894
04994,265.76843
04995,-15.76635
04996,183.92180
04997,443.82629
04998,320.98254
04999,324.85333
05000,452.96326
05001,527.74158
05002,227.36472
05003,116.13995
05004,431.66290
05005,678.89502
05006,592.85028
05007,237.47948
05008,141.22331
05009,379.21024
05010,510.79782
05011,441.14084
05012,322.14172
05013,331.51160
05014,362.65250
05015,221.20624
05016,178.88995
05017,300.56149
05018,435.12582
05019,354.18768
05020,97.10342
05021,-6.44441
05022,168.80496
05023,378.89862
05024,320.04730
05025,105.54925
05026,14.76796
05027,80.97849
05028,186.73737
05029,189.08040
05030,156.21964
05031,151.59100
05032,145.31517
05033,69.30482
05034,28.95488
05035,156.91963
05036,297.08319
05037,282.91669
05038,98.71109
05039,-8.63085
05040,125.75391
05041,264.21967
05042,381.48996
05043,235.12645
05044,122.61132
05045,174.52725
05046,184.83636
05047,425.82587
05048,722.64423
05049,680.29785
05050,148.45073
05051,-78.46506
05052,320.76141
05053,747.80084
05054,753.68414
05055,337.24570
05056,-86.12085
05057,552.52374
05058,746.86926
05059,717.39099
05060,40.46412
05061,280.53851
05062,765.02545
05063,731.13251
05064,223.92047
05065,-38.21537
05066,636.90045
05067,760.25916
05068,643.51007
05069,-21.90211
05070,176.86760
05071,742.48883
05072,782.42523
05073,354.00211
05074,-84.49002
05075,494.14731
05076,833.28302
05077,370.78976
05078,-83.08230
05079,226.35616
05080,808.60791
05081,644.23547
05082,43.97112
05083,-38.90921
05084,451.20724
05085,907.70386
05086,444.36475
05087,-37.78673
05088,74.05812
05089,656.64124
05090,563.51001
05091,10.82925
05092,39.85305
05093,559.03345
05094,638.08112
05095,90.32197
05096,-31.54856
05097,305.83801
05098,802.43060
05099,542.11572
05100,60.39672
05101,80.66475
05102,510.41116
05103,549.50861
05104,339.70352
05105,224.28044
05106,490.47192
05107,645.27570
05108,360.85339
05109,201.63779
05110,464.35541
05111,726.97095
05112,552.61273
05113,173.04211
05114,258.15454
05115,685.81299
05116,608.45697
05117,245.60315
05118,196.71846
05119,482.32446
05120,601.68768
05121,262.41602
05122,80.69885
05123,348.41095
05124,538.29718
05125,301.16791
05126,28.49145
05127,142.43460
05128,420.68332
05129,366.70636
05130,92.87894
05131,29.84307
05132,208.49278
05133,313.56287
05134,185.95358
05135,67.48718
05136,133.48384
05137,253.09644
05138,206.32758
05139,92.93899
05140,112.29498
05141,252.52432
05142,278.64566
05143,217.78497
05144,132.63815
05145,134.72243
05146,283.01517
05147,307.93906
05148,239.66820
05149,203.05095
05150,231.05573
05151,302.08624
05152,348.34338
05153,214.06847
05154,427.89514
05155,778.35712
05156,739.15936
05157,164.47050
05158,-94.93547
05159,404.99960
05160,800.28101
05161,797.56421
05162,348.24234
05163,-86.23717
05164,637.31445
05165,784.51483
05166,797.99146
05167,91.23718
05168,308.51108
05169,819.08380
05170,800.18420
05171,273.43829
05172,-37.22888
05173,728.90900
05174,790.87695
05175,756.02576
05176,-0.99301
05177,198.12801
05178,812.28394
05179,842.98315
05180,441.63919
05181,-92.40413
05182,541.64331
05183,900.88385
05184,487.89474
05185,-90.35110
05186,284.97516
05187,877.45270
05188,682.48175
05189,42.71151
05190,-33.32116
05191,532.50104
05192,954.70001
05193,531.58545
05194,-37.85544
05195,86.02129
05196,735.00885
05197,687.97156
05198,46.99811
05199,82.12871
05200,646.23065
05201,635.34064
05202,84.80977
05203,-22.89835
05204,454.67749
05205,901.71375
05206,600.34064
05207,77.16286
05208,140.30212
05209,513.22321
05210,578.71680
05211,543.50897
05212,587.49677
05213,579.17847
05214,226.91711
05215,288.35229
05216,709.55402
05217,872.67230
05218,578.94653
05219,75.46674
05220,377.46933
05221,733.77448
05222,671.96808
05223,345.08603
05224,339.99918
05225,582.35040
05226,479.35721
05227,174.82559
05228,224.59105
05229,573.48486
05230,611.18237
05231,230.18596
05232,-20.23643
05233,170.48254
05234,470.52692
05235,461.16226
05236,201.64182
05237,91.96890
05238,132.16112
05239,213.07117
05240,232.09753
05241,249.69655
05242,294.19562
05243,222.54591
05244,105.56228
05245,88.04192
05246,214.96211
05247,371.42590
05248,383.83423
05249,250.73982
05250,121.32050
05251,142.33588
05252,336.41611
05253,415.13126
05254,359.61722
05255,233.49438
05256,224.81955
05257,295.83383
05258,354.30466
05259,367.87082
05260,368.34790
05261,656.85583
05262,877.94635
05263,621.87317
05264,-3.86544
05265,8.91024
05266,674.57831
05267,842.18982
05268,818.47473
05269,135.86893
05270,72.69563
05271,833.94556
05272,815.98090
05273,819.51984
05274,27.74154
05275,547.76831
05276,876.70349
05277,811.02307
05278,89.79468
05279,182.14229
05280,853.84583
05281,860.53223
05282,601.17896
05283,-138.78464
05284,436.28989
05285,878.41602
05286,895.43799
05287,312.17676
05288,-61.15310
05289,710.06891
05290,935.77350
05291,423.19595
05292,-107.59396
05293,452.82452
05294,974.81329
05295,592.00751
05296,-32.46589
05297,37.08563
05298,705.36377
05299,990.89294
05300,436.06305
05301,-78.16866
05302,158.84789
05303,832.02991
05304,749.84637
05305,146.42557
05306,202.08287
05307,648.14160
05308,523.84821
05309,46.30458
05310,103.05343
05311,685.30469
05312,922.34052
05313,540.01288
05314,115.00156
05315,245.15137
05316,582.86920
05317,622.39392
05318,811.43744
05319,751.48669
05320,375.92844
05321,126.41734
05322,507.68933
05323,920.06305
05324,841.06995
05325,347.52469
05326,204.09914
05327,748.15057
05328,808.01202
05329,396.31317
05330,290.71997
05331,616.68408
05332,722.94830
05333,271.86014
05334,23.77297
05335,407.83893
05336,767.26239
05337,498.96387
05338,80.79512
05339,15.33408
05340,329.06326
05341,508.88837
05342,377.00131
05343,167.59381
05344,163.36397
05345,209.56023
05346,207.54610
05347,238.64935
05348,311.56268
05349,343.83362
05350,224.88632
05351,128.68988
05352,167.95439
05353,286.67249
05354,412.79825
05355,433.32568
05356,288.73318
05357,176.89728
05358,201.96428
05359,378.80975
05360,491.12436
05361,413.65692
05362,258.17731
05363,218.07776
05364,367.92438
05365,429.33856
05366,446.17374
05367,408.10419
05368,698.69745
05369,916.41553
05370,691.67303
05371,29.98598
05372,-5.47315
05373,716.62268
05374,874.12805
05375,889.71399
05376,232.50931
05377,-8.35163
05378,855.79352
05379,853.98975
05380,888.39380
05381,61.19757
05382,507.05042
05383,908.14502
05384,911.33264
05385,250.05081
05386,114.11413
05387,894.43805
05388,891.48859
05389,661.66840
05390,-128.63170
05391,338.68436
05392,925.90729
05393,925.47845
05394,430.11374
05395,-104.75718
05396,632.45660
05397,995.82703
05398,644.88977
05399,-86.42633
05400,350.40161
05401,996.65112
05402,683.84869
05403,6.28814
05404,-5.13615
05405,663.41376
05406,1038.01587
05407,657.35864
05408,-36.79707
05409,81.55027
05410,759.66003
05411,976.06042
05412,447.53238
05413,213.48114
05414,545.55658
05415,574.47821
05416,232.24303
05417,223.43994
05418,713.30450
05419,956.75311
05420,664.52478
05421,255.31627
05422,287.33261
05423,565.03418
05424,691.75677
05425,886.24835
05426,863.94373
05427,512.20013
05428,314.33826
05429,374.20224
05430,834.09515
05431,947.72998
05432,701.50049
05433,463.83475
05434,338.80313
05435,538.56274
05436,631.52478
05437,591.60217
05438,629.10217
05439,533.03253
05440,289.52481
05441,175.96429
05442,300.10645
05443,563.20001
05444,638.52368
05445,385.70834
05446,32.57961
05447,23.87039
05448,311.74634
05449,577.68494
05450,496.38132
05451,176.36290
05452,27.77631
05453,134.67192
05454,352.25580
05455,421.51691
05456,380.84280
05457,324.38879
05458,238.12762
05459,171.46954
05460,223.73737
05461,433.11795
05462,621.38751
05463,474.62323
05464,209.39494
05465,140.76472
05466,359.93857
05467,635.53052
05468,585.53149
05469,283.91379
05470,179.53680
05471,340.58826
05472,577.93384
05473,481.95502
05474,331.51660
05475,386.63943
05476,741.37231
05477,917.09247
05478,865.04211
05479,198.29286
05480,-113.35445
05481,592.53503
05482,943.53412
05483,930.79602
05484,516.41595
05485,-154.20874
05486,674.51782
05487,928.54889
05488,991.06177
05489,329.55856
05490,188.77176
05491,965.21234
05492,944.84967
05493,640.04224
05494,-86.60560
05495,770.06836
05496,954.90955
05497,885.57214
05498,96.97915
05499,33.40158
05500,881.76605
05501,973.14270
05502,807.69305
05503,-45.62569
05504,243.91570
05505,964.68909
05506,963.75995
05507,235.64214
05508,-27.16328
05509,812.75873
05510,1042.24719
05511,373.14108
05512,-135.73232
05513,331.64667
05514,1003.20892
05515,976.46899
05516,302.76389
05517,-132.96144
05518,491.79419
05519,1019.16876
05520,967.27167
05521,560.07129
05522,392.14716
05523,595.48016
05524,431.64786
05525,346.47302
05526,754.56494
05527,1003.08185
05528,887.91113
05529,373.16211
05530,286.16208
05531,629.47809
05532,778.73914
05533,768.48718
05534,914.02148
05535,990.77887
05536,458.62634
05537,-84.55132
05538,438.20947
05539,974.07227
05540,990.91492
05541,745.07251
05542,-103.87406
05543,450.81454
05544,972.33893
05545,984.44122
05546,530.19556
05547,182.92708
05548,636.90057
05549,535.16180
05550,100.10616
05551,211.51155
05552,850.69891
05553,835.57019
05554,132.74406
05555,-40.66706
05556,173.34216
05557,870.72021
05558,893.48303
05559,245.05771
05560,-25.39924
05561,59.68126
05562,400.72430
05563,617.21100
05564,570.32147
05565,433.94949
05566,241.87140
05567,103.42374
05568,249.59512
05569,590.64923
05570,761.22675
05571,627.21680
05572,289.89130
05573,121.05685
05574,322.00256
05575,637.19336
05576,736.43311
05577,532.50739
05578,289.29700
05579,192.13797
05580,353.26694
05581,616.57306
05582,665.82452
05583,488.52136
05584,564.03955
05585,905.53357
05586,988.54388
05587,505.44913
05588,-142.24773
05589,337.87595
05590,976.17493
05591,965.59503
05592,759.56085
05593,-122.68195
05594,362.74554
05595,997.08679
05596,988.09509
05597,703.29108
05598,-49.11281
05599,853.06110
05600,977.09772
05601,954.00720
05602,17.21911
05603,446.23651
05604,1033.73169
05605,988.01904
05606,477.92624
05607,-164.25172
05608,641.75867
05609,1016.43579
05610,1017.77765
05611,374.36649
05612,-146.26010
05613,684.13086
05614,1091.44690
05615,778.91589
05616,-49.64931
05617,400.22354
05618,1110.82935
05619,561.36475
05620,-75.16476
05621,144.53059
05622,897.38049
05623,1081.89819
05624,729.24188
05625,-65.63613
05626,141.12183
05627,911.41998
05628,1020.94958
05629,1001.59290
05630,729.29492
05631,439.74670
05632,237.87834
05633,356.19861
05634,923.97803
05635,1002.71741
05636,1007.89856
05637,450.25449
05638,224.44891
05639,781.54633
05640,1015.35211
05641,767.45111
05642,726.66760
05643,973.27429
05644,984.66260
05645,263.39264
05646,-95.78139
05647,653.11267
05648,1008.76666
05649,1019.68628
05650,464.35138
05651,-137.38957
05652,647.46033
05653,1014.92975
05654,1002.64258
05655,476.49155
05656,133.65604
05657,473.11511
05658,332.36053
05659,184.20290
05660,561.03699
05661,981.46509
05662,477.30063
05663,-9.61407
05664,-12.08507
05665,420.61520
05666,1008.81384
05667,811.36578
05668,255.88979
05669,-19.69678
05670,76.07313
05671,417.38596
05672,790.51111
05673,906.62323
05674,575.09851
05675,105.48278
05676,3.80619
05677,451.52557
05678,939.98926
05679,934.98193
05680,530.23486
05681,155.53891
05682,169.92825
05683,503.62503
05684,753.04156
05685,648.39508
05686,503.88443
05687,264.60837
05688,214.58020
05689,347.60388
05690,369.50125
05691,662.39893
05692,792.55060
05693,921.06433
05694,1024.62952
05695,708.53131
05696,-27.95432
05697,26.68473
05698,835.69800
05699,990.52295
05700,1015.08301
05701,371.29764
05702,-161.81137
05703,723.42676
05704,993.86505
05705,1066.07312
05706,282.46307
05707,226.47206
05708,1048.12244
05709,1020.02893
05710,688.75916
05711,-25.74456
05712,935.86261
05713,1004.14368
05714,940.35785
05715,51.10535
05716,44.06193
05717,939.15063
05718,1025.02832
05719,936.08838
05720,59.90968
05721,17.10645
05722,844.54083
05723,1095.63831
05724,651.33185
05725,55.01387
05726,669.97711
05727,578.41986
05728,20.02664
05729,-25.17279
05730,692.55743
05731,1066.44031
05732,986.76141
05733,261.13840
05734,-103.16687
05735,497.83179
05736,1046.31580
05737,989.67029
05738,1034.99719
05739,919.20648
05740,338.98175
05741,-58.35540
05742,464.72900
05743,1052.58496
05744,967.51392
05745,1032.86609
05746,238.49516
05747,206.09755
05748,954.58124
05749,999.85199
05750,970.41925
05751,805.96625
05752,1007.70233
05753,723.83398
05754,51.91451
05755,-4.54981
05756,740.55566
05757,1031.07898
05758,992.80890
05759,330.41260
05760,-103.83120
05761,342.58542
05762,963.62152
05763,999.56812
05764,803.71875
05765,263.24585
05766,19.00437
05767,-39.77397
05768,380.86282
05769,980.89404
05770,1001.91528
05771,345.52692
05772,-58.42665
05773,71.21644
05774,633.42578
05775,996.72998
05776,765.90790
05777,442.64899
05778,204.86084
05779,114.45184
05780,230.76706
05781,715.74139
05782,999.35254
05783,921.40259
05784,329.28711
05785,-49.55089
05786,228.59264
05787,854.35229
05788,1007.09436
05789,862.70282
05790,216.74915
05791,-22.72671
05792,262.45883
05793,741.78015
05794,861.05176
05795,471.11752
05796,253.81480
05797,76.56154
05798,88.90049
05799,275.04001
05800,512.40082
05801,841.50507
05802,809.53253
05803,905.69208
05804,1039.21228
05805,471.03647
05806,-81.84815
05807,97.08987
05808,903.01544
05809,1006.56873
05810,916.16956
05811,51.94074
05812,36.30888
05813,966.31055
05814,949.80347
05815,1077.55481
05816,215.48499
05817,289.60559
05818,1062.93494
05819,1027.95300
05820,691.00201
05821,181.92995
05822,1010.23584
05823,1030.03540
05824,699.83759
05825,-127.48953
05826,236.87085
05827,956.84546
05828,1075.82166
05829,698.18988
05830,-64.81475
05831,56.75362
05832,826.82770
05833,1095.39490
05834,736.85052
05835,527.75012
05836,493.02948
05837,61.68872
05838,-53.41696
05839,242.12846
05840,1026.79944
05841,1045.29004
05842,841.40369
05843,-18.29661
05844,104.59454
05845,905.78094
05846,1039.42529
05847,1021.56134
05848,1016.25238
05849,1024.52930
05850,479.21414
05851,-87.12683
05852,520.96191
05853,1077.19861
05854,971.06854
05855,1051.04065
05856,187.57254
05857,186.57991
05858,988.96698
05859,992.71722
05860,1026.98340
05861,971.49951
05862,940.72510
05863,523.03918
05864,-21.29796
05865,57.00744
05866,841.12830
05867,1041.62366
05868,969.44141
05869,214.39740
05870,-111.24065
05871,451.05948
05872,1040.62952
05873,1016.82831
05874,778.99860
05875,95.65385
05876,18.84112
05877,-38.76981
05878,541.53143
05879,1033.10938
05880,1024.63770
05881,386.53311
05882,-84.89717
05883,143.65904
05884,856.73889
05885,1046.16589
05886,922.40442
05887,524.78448
05888,332.51978
05889,210.71014
05890,259.80463
05891,803.81085
05892,1012.36053
05893,1008.12854
05894,433.31982
05895,-82.57462
05896,268.33221
05897,930.24701
05898,1021.91193
05899,896.86700
05900,203.01100
05901,-34.71165
05902,148.74741
05903,629.09662
05904,827.76624
05905,662.56000
05906,199.10301
05907,-8.00924
05908,-1.11175
05909,204.47522
05910,830.17456
05911,984.35028
05912,956.87506
05913,1031.97693
05914,817.67694
05915,57.49896
05916,-78.70663
05917,686.00000
05918,1046.21936
05919,1019.25183
05920,466.90939
05921,-168.45535
05922,394.08624
05923,1041.02466
05924,1038.41248
05925,775.25000
05926,-17.34400
05927,923.48163
05928,1011.73486
05929,1027.42041
05930,381.90448
05931,806.52399
05932,1084.13452
05933,909.02148
05934,126.46053
05935,-102.01894
05936,686.06494
05937,1073.26990
05938,1017.53485
05939,292.15131
05940,-84.24379
05941,142.27007
05942,744.02747
05943,809.97980
05944,920.99524
05945,1111.69324
05946,406.93683
05947,-19.77378
05948,-57.06810
05949,582.12909
05950,1103.86169
05951,1062.79468
05952,657.82465
05953,-155.65854
05954,516.68060
05955,1092.18652
05956,1004.01697
05957,1064.70630
05958,1000.34125
05959,1093.71997
05960,583.94543
05961,-84.04387
05962,728.12195
05963,1082.46753
05964,997.36761
05965,1060.78931
05966,298.68845
05967,229.76601
05968,824.71234
05969,997.70508
05970,1007.60889
05971,1070.20654
05972,823.39410
05973,56.19873
05974,-66.25805
05975,447.32599
05976,1078.14868
05977,1020.52338
05978,334.95071
05979,-82.82114
05980,305.61557
05981,524.74670
05982,306.55536
05983,625.47614
05984,1093.26367
05985,788.88922
05986,56.51065
05987,-68.45492
05988,552.51672
05989,1081.30334
05990,1049.04871
05991,672.39069
05992,35.21642
05993,370.85858
05994,710.15283
05995,901.51947
05996,1011.41162
05997,1038.91907
05998,672.61749
05999,81.74961
06000,143.37537
06001,824.58490
06002,1038.62549
06003,1021.02014
06004,544.96631
06005,82.13354
06006,203.99481
06007,549.40125
06008,787.50574
06009,777.48822
06010,547.35706
06011,162.97327
06012,-10.81608
06013,58.36406
06014,371.67679
06015,642.04913
06016,596.06189
06017,183.14766
06018,-3.55465
06019,-5.87527
06020,317.12988
06021,870.35156
06022,880.74054
06023,510.53287
06024,906.09467
06025,1030.71484
06026,963.67596
06027,202.54802
06028,-120.50996
06029,710.91388
06030,1050.17480
06031,1037.76062
06032,663.59937
06033,-164.89615
06034,727.19293
06035,1074.04761
06036,999.00940
06037,986.31573
06038,58.01649
06039,853.71216
06040,1042.86316
06041,1026.83032
06042,782.44482
06043,837.11108
06044,1136.26343
06045,674.64697
06046,-17.31382
06047,-37.21072
06048,535.42365
06049,1158.30115
06050,781.35858
06051,16.63276
06052,-0.85929
06053,31.69637
06054,223.64980
06055,411.08743
06056,913.80438
06057,1113.03491
06058,772.18304
06059,18.94118
06060,-64.25069
06061,608.82245
06062,1123.61694
06063,1016.12891
06064,974.33984
06065,95.93113
06066,699.77643
06067,1098.83813
06068,1006.05670
06069,1051.75854
06070,1037.75671
06071,1019.25452
06072,1051.95752
06073,367.18176
06074,476.00342
06075,1070.53979
06076,993.81396
06077,1061.40417
06078,434.37012
06079,53.03978
06080,229.79005
06081,312.48898
06082,618.17279
06083,1027.87671
06084,902.06482
06085,93.57796
06086,-7.53286
06087,26.70871
06088,755.14722
06089,1035.35425
06090,534.48938
06091,284.43802
06092,140.56940
06093,-10.67867
06094,114.78655
06095,837.94745
06096,1043.86462
06097,1029.68433
06098,372.22107
06099,-50.14179
06100,643.87317
06101,1051.32788
06102,1010.03461
06103,1027.31067
06104,751.07117
06105,599.02686
06106,521.74805
06107,551.32721
06108,869.46741
06109,1040.61377
06110,934.34686
06111,391.45471
06112,85.78197
06113,283.22672
06114,674.62073
06115,764.99908
06116,637.91644
06117,381.59555
06118,98.81610
06119,-3.86448
06120,136.38635
06121,458.11325
06122,675.85217
06123,576.10144
06124,174.15076
06125,-7.80482
06126,14.75259
06127,366.69730
06128,692.52728
06129,573.39056
06130,207.67046
06131,54.82365
06132,123.36328
06133,385.44980
06134,731.13818
06135,799.38593
06136,749.78607
06137,1005.45166
06138,971.06598
06139,1052.04504
06140,374.74908
06141,-157.94240
06142,724.79230
06143,1036.05457
06144,1029.69934
06145,726.50757
06146,-158.28513
06147,369.16031
06148,1098.01086
06149,936.88989
06150,1122.61230
06151,248.50287
06152,557.06201
06153,1107.32324
06154,955.54169
06155,209.33035
06156,643.11072
06157,1156.51648
06158,634.96777
06159,-40.79090
06160,-5.30429
06161,166.17609
06162,1085.31812
06163,821.94171
06164,32.13847
06165,-4.96147
06166,201.93230
06167,180.80795
06168,-93.33650
06169,578.53375
06170,1080.96375
06171,1015.55261
06172,908.85614
06173,-51.97009
06174,272.16464
06175,1069.31372
06176,1005.20825
06177,1038.03528
06178,1018.97955
06179,1025.69507
06180,1028.50879
06181,1025.59216
06182,1011.99011
06183,1039.23315
06184,991.35461
06185,1082.68542
06186,468.71231
06187,-123.28615
06188,465.02295
06189,1024.47266
06190,1001.83484
06191,526.89087
06192,84.82491
06193,-8.45225
06194,27.07760
06195,-43.29982
06196,593.24261
06197,1125.65283
06198,847.58154
06199,90.38237
06200,-67.66853
06201,349.38715
06202,1065.79187
06203,1009.79211
06204,729.51636
06205,804.11755
06206,749.74390
06207,110.08713
06208,314.45206
06209,1038.03076
06210,994.61121
06211,1069.27368
06212,819.26306
06213,715.90277
06214,1044.98389
06215,974.54034
06216,713.57050
06217,857.05365
06218,1078.35034
06219,783.67267
06220,74.02817
06221,-14.46474
06222,498.13672
06223,997.47192
06224,696.29834
06225,168.71344
06226,-4.12438
06227,4.11939
06228,14.25170
06229,292.60995
06230,633.56433
06231,705.37646
06232,246.09914
06233,-17.69424
06234,22.30438
06235,390.64404
06236,819.36194
06237,869.77362
06238,626.64532
06239,314.65750
06240,181.87207
06241,367.95312
06242,708.49451
06243,762.97656
06244,625.67975
06245,593.08856
06246,580.64984
06247,404.34665
06248,206.19225
06249,407.95456
06250,936.90881
06251,1001.61884
06252,987.34265
06253,1014.36157
06254,915.95074
06255,93.47903
06256,-75.71809
06257,731.71985
06258,1040.22253
06259,1026.30298
06260,719.36523
06261,-159.00565
06262,374.83038
06263,1083.75708
06264,966.65253
06265,1046.17603
06266,147.44965
06267,167.47556
06268,504.76083
06269,-15.01373
06270,249.09731
06271,946.16687
06272,1089.34058
06273,409.05554
06274,-51.13738
06275,-11.57298
06276,331.15469
06277,1080.44470
06278,838.38287
06279,655.32629
06280,975.20874
06281,784.80341
06282,117.39207
06283,-75.88663
06284,553.31061
06285,1124.02649
06286,945.19153
06287,1139.28552
06288,415.56219
06289,156.15550
06290,1067.39868
06291,988.03290
06292,1032.28992
06293,1006.28290
06294,1029.61853
06295,904.13068
06296,439.62125
06297,258.85883
06298,745.89648
06299,1048.04309
06300,909.85382
06301,120.31244
06302,-10.90986
06303,-9.24538
06304,163.04665
06305,552.27081
06306,674.58087
06307,680.81256
06308,200.85641
06309,5.85523
06310,-53.49324
06311,418.79706
06312,1074.15076
06313,1027.81592
06314,898.58661
06315,224.51736
06316,486.45041
06317,945.08215
06318,1024.32849
06319,1028.49084
06320,1006.64832
06321,1027.56799
06322,476.08688
06323,647.01593
06324,1061.06970
06325,982.44940
06326,1031.64087
06327,568.33856
06328,492.86795
06329,724.87244
06330,451.94925
06331,130.88808
06332,205.92900
06333,541.72760
06334,483.21387
06335,81.61655
06336,-9.20413
06337,27.83346
06338,277.77499
06339,461.03134
06340,520.07050
06341,453.19116
06342,270.90887
06343,105.68767
06344,211.66212
06345,607.33142
06346,905.90424
06347,858.08289
06348,506.14667
06349,312.36420
06350,446.58124
06351,724.74335
06352,900.41675
06353,833.48462
06354,619.00861
06355,462.33472
06356,466.10455
06357,445.10468
06358,381.92371
06359,502.01285
06360,682.63440
06361,822.07831
06362,452.79266
06363,118.66547
06364,10.18752
06365,257.82565
06366,841.52417
06367,1004.59253
06368,981.42358
06369,941.69739
06370,156.43663
06371,-105.02264
06372,690.90863
06373,1046.54224
06374,999.86902
06375,804.76575
06376,-97.14365
06377,291.22363
06378,1053.35889
06379,958.69409
06380,1057.40649
06381,737.38666
06382,327.62430
06383,221.62332
06384,-25.77055
06385,122.12518
06386,768.31763
06387,1082.45447
06388,641.90479
06389,6.09173
06390,-6.31861
06391,236.70346
06392,614.34821
06393,472.54636
06394,682.92426
06395,984.56390
06396,1032.94360
06397,791.91833
06398,-26.33403
06399,87.64355
06400,880.52795
06401,1030.93115
06402,978.71948
06403,994.24213
06404,298.50302
06405,646.41162
06406,1038.55579
06407,968.97437
06408,999.52509
06409,872.36731
06410,747.19525
06411,198.42360
06412,-23.40624
06413,49.65918
06414,613.63879
06415,937.16779
06416,484.01068
06417,35.96224
06418,1.38276
06419,1.62683
06420,52.75618
06421,272.55365
06422,711.75482
06423,921.36200
06424,564.35687
06425,66.60154
06426,61.24416
06427,669.78888
06428,988.41711
06429,991.98981
06430,820.32263
06431,684.32288
06432,841.82416
06433,834.48419
06434,776.21991
06435,927.01758
06436,979.39557
06437,859.19476
06438,845.46912
06439,886.58698
06440,540.36530
06441,37.42333
06442,21.70778
06443,565.99384
06444,1016.69635
06445,597.01215
06446,12.86484
06447,7.76662
06448,6.82353
06449,440.09949
06450,703.73560
06451,452.48224
06452,123.73301
06453,-3.26182
06454,32.92001
06455,355.93881
06456,773.24182
06457,905.45795
06458,697.54620
06459,403.11551
06460,339.38693
06461,547.44794
06462,786.84369
06463,788.37756
06464,642.14844
06465,571.94855
06466,645.02234
06467,641.27667
06468,470.28253
06469,330.56506
06470,350.98758
06471,516.06976
06472,558.73969
06473,402.02390
06474,204.55705
06475,282.88263
06476,374.66983
06477,431.79791
06478,469.46286
06479,337.84842
06480,187.47847
06481,98.56493
06482,713.26001
06483,997.40442
06484,923.70532
06485,967.72321
06486,258.99014
06487,-121.15596
06488,670.80365
06489,1030.70532
06490,919.81769
06491,979.49969
06492,63.40125
06493,246.65294
06494,1023.29669
06495,911.38477
06496,1024.50342
06497,573.11353
06498,139.10013
06499,174.97371
06500,12.89789
06501,1.49431
06502,252.10490
06503,569.02301
06504,415.93356
06505,59.19426
06506,53.86254
06507,358.94922
06508,498.69562
06509,301.32346
06510,294.78848
06511,846.23981
06512,942.44006
06513,998.55005
06514,524.92230
06515,-36.74859
06516,706.26324
06517,984.22784
06518,926.18024
06519,971.53656
06520,616.68579
06521,603.77783
06522,892.62170
06523,718.78851
06524,456.56961
06525,499.55728
06526,651.70520
06527,371.88058
06528,17.54452
06529,-12.56410
06530,137.09193
06531,455.78113
06532,345.40714
06533,101.46655
06534,73.96873
06535,177.16989
06536,175.26302
06537,132.88182
06538,353.60089
06539,796.01465
06540,964.15442
06541,807.35968
06542,377.21997
06543,265.16220
06544,583.83862
06545,917.98199
06546,932.53583
06547,933.53119
06548,903.65417
06549,500.75397
06550,323.42624
06551,574.47980
06552,794.64075
06553,884.08893
06554,904.81586
06555,657.16339
06556,128.24904
06557,-8.55043
06558,5.69231
06559,380.60062
06560,728.25177
06561,506.11429
06562,82.21518
06563,-4.77247
06564,-1.51030
06565,111.27348
06566,409.86322
06567,555.81494
06568,597.49127
06569,435.67889
06570,230.35220
06571,274.55270
06572,551.85352
06573,770.87012
06574,775.96454
06575,583.25598
06576,469.71933
06577,531.51935
06578,503.31070
06579,425.84329
06580,383.65390
06581,500.39856
06582,684.65625
06583,577.38007
06584,219.59251
06585,8.80415
06586,33.89375
06587,379.64487
06588,570.38159
06589,515.21967
06590,396.16620
06591,238.29971
06592,288.33905
06593,438.63263
06594,477.01047
06595,419.25333
06596,256.47037
06597,490.60358
06598,897.20801
06599,902.40973
06600,883.70868
06601,918.55658
06602,204.67967
06603,36.11560
06604,822.74188
06605,904.02905
06606,893.44922
06607,869.10211
06608,113.99210
06609,15.17069
06610,555.28003
06611,773.22742
06612,438.00653
06613,80.36877
06614,-5.16423
06615,3.61814
06616,5.12542
06617,0.31843
06618,37.85415
06619,164.74637
06620,252.88087
06621,355.61383
06622,503.28964
06623,574.94592
06624,439.14014
06625,257.07141
06626,406.54004
06627,831.86609
06628,889.36261
06629,895.03546
06630,806.43256
06631,438.33585
06632,622.85510
06633,874.16675
06634,889.47809
06635,773.65881
06636,480.30905
06637,393.95459
06638,366.03885
06639,280.65002
06640,196.31891
06641,211.87126
06642,236.30562
06643,127.55322
06644,9.29061
06645,-3.62493
06646,44.99931
06647,158.91573
06648,170.91521
06649,142.92892
06650,177.68364
06651,304.34735
06652,381.96411
06653,479.11703
06654,687.90820
06655,842.68823
06656,880.61365
06657,596.28601
06658,287.93280
06659,461.60709
06660,841.66577
06661,865.69049
06662,874.24127
06663,823.23730
06664,556.71405
06665,451.85446
06666,385.91245
06667,349.88931
06668,358.80267
06669,234.12801
06670,110.72608
06671,103.82587
06672,51.68295
06673,-0.71241
06674,-0.14524
06675,45.33399
06676,228.68030
06677,311.33875
06678,271.49329
06679,193.72322
06680,181.77577
06681,271.82962
06682,458.76160
06683,654.72900
06684,751.63409
06685,608.69434
06686,427.65421
06687,460.18085
06688,612.14502
06689,648.04431
06690,489.00711
06691,355.57947
06692,366.32635
06693,405.21555
06694,416.56839
06695,276.34332
06696,173.69214
06697,169.25409
06698,132.67920
06699,162.75529
06700,146.18550
06701,173.84686
06702,191.18044
06703,209.38069
06704,257.74231
06705,164.46651
06706,211.63277
06707,328.54395
06708,353.81619
06709,201.89987
06710,540.59894
06711,891.47455
06712,801.51569
06713,880.85358
06714,649.26611
06715,-90.14127
06716,410.17615
06717,929.59064
06718,810.64655
06719,914.80676
06720,611.84729
06721,-57.97027
06722,571.15790
06723,938.81140
06724,534.48364
06725,-6.11145
06726,-10.21674
06727,164.36154
06728,208.41528
06729,-14.73899
06730,17.07343
06731,-12.01576
06732,66.60677
06733,243.32657
06734,585.84027
06735,844.53430
06736,893.74011
06737,490.71637
06738,-83.85628
06739,272.19000
06740,865.30780
06741,854.15961
06742,854.62469
06743,860.97253
06744,742.20197
06745,821.93182
06746,852.53040
06747,865.42920
06748,658.89905
06749,438.54779
06750,611.76532
06751,441.98868
06752,42.05699
06753,2.07277
06754,-4.43874
06755,57.22245
06756,41.17248
06757,-5.16985
06758,1.58899
06759,123.98969
06760,67.97030
06761,3.81611
06762,-20.59279
06763,394.99362
06764,848.78284
06765,838.98132
06766,501.59152
06767,243.54974
06768,562.51410
06769,840.72980
06770,847.43146
06771,827.67615
06772,865.21747
06773,583.69775
06774,583.22522
06775,844.55328
06776,838.91846
06777,690.52466
06778,324.15311
06779,257.56516
06780,196.15779
06781,28.11204
06782,-3.87557
06783,13.68229
06784,29.52576
06785,-1.10804
06786,3.68432
06787,-0.21811
06788,67.36533
06789,57.64078
06790,48.14732
06791,218.85042
06792,421.33344
06793,539.24097
06794,466.66562
06795,424.93124
06796,491.88782
06797,698.74115
06798,808.47388
06799,735.50989
06800,535.96234
06801,423.34152
06802,376.52539
06803,368.77966
06804,376.17288
06805,388.65540
06806,363.84790
06807,248.56271
06808,103.89362
06809,4.52471
06810,6.31205
06811,63.75558
06812,73.25431
06813,97.81188
06814,199.17018
06815,188.21121
06816,70.56261
06817,45.97084
06818,188.72089
06819,262.14151
06820,224.89897
06821,666.62604
06822,856.43152
06823,778.70129
06824,865.45209
06825,569.49591
06826,-119.27369
06827,463.50235
06828,903.73358
06829,787.82849
06830,904.94476
06831,570.68866
06832,-45.51361
06833,638.81616
06834,927.11029
06835,432.10052
06836,-32.39346
06837,-2.41702
06838,362.00528
06839,447.27802
06840,-4.71800
06841,11.13476
06842,1.52357
06843,13.05522
06844,394.97949
06845,862.84583
06846,860.98981
06847,921.62659
06848,604.48633
06849,-78.10338
06850,272.42853
06851,891.82361
06852,866.42560
06853,882.60437
06854,867.23956
06855,871.09363
06856,882.02490
06857,861.92090
06858,888.82367
06859,508.11868
06860,350.26044
06861,726.85992
06862,571.72797
06863,51.18335
06864,-2.05288
06865,5.15296
06866,-1.15584
06867,7.83642
06868,-9.09532
06869,129.74832
06870,427.69666
06871,181.72510
06872,0.55093
06873,-19.81804
06874,500.86377
06875,925.69183
06876,847.74463
06877,885.97632
06878,775.69531
06879,826.35321
06880,878.10309
06881,866.99158
06882,870.78174
06883,862.63367
06884,862.72687
06885,673.91479
06886,716.88385
06887,603.66675
06888,201.55078
06889,58.30824
06890,182.42403
06891,129.04532
06892,0.29825
06893,1.96013
06894,25.94312
06895,13.94479
06896,-2.03654
06897,12.45183
06898,196.11319
06899,368.24881
06900,332.16794
06901,248.92683
06902,305.67130
06903,515.40308
06904,677.02063
06905,657.69659
06906,608.74945
06907,657.79077
06908,703.30725
06909,673.05084
06910,538.74719
06911,395.90210
06912,324.73773
06913,347.17758
06914,311.68570
06915,269.73267
06916,252.15067
06917,286.34250
06918,174.34380
06919,13.97093
06920,-4.55746
06921,49.46371
06922,115.24732
06923,45.09519
06924,78.20495
06925,231.71832
06926,316.06985
06927,244.28246
06928,184.27219
06929,282.60574
06930,413.55222
06931,723.84113
06932,863.74506
06933,829.50702
06934,838.78424
06935,818.23273
06936,-0.94735
06937,236.67958
06938,913.10150
06939,825.82349
06940,879.80322
06941,779.45160
06942,-2.73704
06943,357.89301
06944,977.40436
06945,384.31778
06946,-31.27842
06947,-12.13690
06948,237.31517
06949,800.43341
06950,222.73993
06951,-31.50341
06952,26.06344
06953,-25.39570
06954,171.56493
06955,821.28424
06956,950.89856
06957,875.87201
06958,1001.58044
06959,431.39874
06960,78.38340
06961,897.65466
06962,906.88745
06963,923.07062
06964,913.44727
06965,905.86334
06966,924.27411
06967,898.23157
06968,935.64508
06969,346.65204
06970,86.34028
06971,666.82465
06972,878.55353
06973,283.33017
06974,-31.19438
06975,19.96951
06976,-9.11163
06977,13.66846
06978,-8.44424
06979,307.43991
06980,740.33191
06981,482.55597
06982,43.64592
06983,-37.55035
06984,366.34808
06985,951.86432
06986,913.00836
06987,931.17908
06988,915.98224
06989,919.55304
06990,926.54071
06991,924.84955
06992,918.39490
06993,918.82532
06994,906.17596
06995,925.69122
06996,803.97070
06997,452.99332
06998,90.61570
06999,-19.13314
07000,171.08926
07001,125.70180
07002,-9.87831
07003,-2.51434
07004,78.93990
07005,96.34281
07006,0.31590
07007,-3.23055
07008,256.32376
07009,598.71979
07010,645.26233
07011,601.25415
07012,535.87054
07013,552.53174
07014,655.14722
07015,822.75885
07016,916.39014
07017,871.08710
07018,799.56110
07019,724.55322
07020,561.26794
07021,446.21854
07022,380.93744
07023,328.10614
07024,206.73416
07025,72.82959
07026,156.24101
07027,357.92938
07028,286.15140
07029,19.34096
07030,2.81701
07031,-0.95497
07032,112.78105
07033,171.17667
07034,140.71233
07035,304.90036
07036,396.24957
07037,338.44073
07038,144.43785
07039,59.09216
07040,444.24249
07041,865.79333
07042,891.27631
07043,890.39404
07044,875.52173
07045,883.98547
07046,18.52661
07047,401.64526
07048,971.81439
07049,859.22382
07050,899.85217
07051,883.36920
07052,270.43008
07053,548.06329
07054,753.23108
07055,58.52925
07056,14.43872
07057,-31.14524
07058,255.06880
07059,899.40039
07060,333.51855
07061,-35.98811
07062,21.22960
07063,-7.26620
07064,46.26930
07065,800.01282
07066,1005.51843
07067,916.33429
07068,1018.33618
07069,689.12036
07070,457.77167
07071,988.24103
07072,935.57349
07073,963.72302
07074,944.35681
07075,944.29553
07076,953.98218
07077,935.73419
07078,953.04095
07079,227.86127
07080,21.61419
07081,655.79327
07082,979.50287
07083,501.08932
07084,-12.80164
07085,16.06575
07086,-7.92093
07087,14.22329
07088,-5.62961
07089,416.08041
07090,800.33954
07091,512.06561
07092,61.59566
07093,38.72510
07094,554.59747
07095,970.54175
07096,970.49109
07097,973.75916
07098,964.06854
07099,969.09741
07100,966.52228
07101,966.03223
07102,963.54279
07103,960.84790
07104,960.83179
07105,913.39282
07106,948.05737
07107,719.90631
07108,252.10918
07109,23.86127
07110,0.66021
07111,7.04338
07112,-5.36793
07113,62.42739
07114,240.90041
07115,121.31340
07116,0.64720
07117,16.01830
07118,183.57114
07119,427.65604
07120,605.69183
07121,690.33942
07122,714.81964
07123,790.57617
07124,903.98535
07125,842.18817
07126,705.16467
07127,653.37274
07128,690.18079
07129,718.68231
07130,634.22272
07131,504.38162
07132,409.96356
07133,333.91714
07134,261.17911
07135,200.12639
07136,228.60510
07137,277.27124
07138,171.29852
07139,2.76063
07140,7.30203
07141,-3.24878
07142,263.82809
07143,460.48572
07144,377.65445
07145,125.02082
07146,206.72932
07147,684.46826
07148,947.25171
07149,941.78766
07150,897.65039
07151,1004.37012
07152,565.65051
07153,14.09010
07154,911.01984
07155,936.77509
07156,915.26923
07157,959.45001
07158,791.59058
07159,616.13678
07160,1006.48596
07161,415.67032
07162,-58.93718
07163,45.90417
07164,-37.27791
07165,675.06079
07166,918.67175
07167,117.80972
07168,-19.68207
07169,30.46572
07170,-47.33586
07171,222.24550
07172,1004.92651
07173,974.87775
07174,986.26880
07175,982.40094
07176,486.80768
07177,822.20410
07178,1024.56982
07179,963.03119
07180,991.75824
07181,967.57794
07182,985.28455
07183,961.14972
07184,1009.12244
07185,804.08923
07186,19.41758
07187,264.92850
07188,765.13519
07189,837.66998
07190,457.27875
07191,36.54274
07192,-2.71589
07193,7.52417
07194,-6.79921
07195,73.43178
07196,631.87531
07197,689.65967
07198,267.80154
07199,85.38900
07200,379.34491
07201,749.14490
07202,833.17303
07203,750.96936
07204,906.13263
07205,1008.05334
07206,985.74487
07207,991.74408
07208,986.24310
07209,991.59961
07210,974.98962
07211,998.48639
07212,637.27637
07213,623.97717
07214,694.26770
07215,439.33875
07216,460.77719
07217,198.76042
07218,-25.93822
07219,19.54089
07220,9.50238
07221,377.15555
07222,341.87897
07223,157.07045
07224,328.06888
07225,445.55942
07226,506.08716
07227,522.06219
07228,583.56671
07229,682.76440
07230,876.94244
07231,992.55133
07232,985.92334
07233,960.15509
07234,688.68829
07235,474.61472
07236,381.12320
07237,470.27707
07238,655.65570
07239,676.09192
07240,452.79337
07241,116.54241
07242,98.59117
07243,243.35823
07244,236.72694
07245,76.19691
07246,-8.05565
07247,73.45208
07248,204.90833
07249,374.20520
07250,382.64783
07251,126.11205
07252,-32.92568
07253,226.69673
07254,890.20978
07255,971.17523
07256,974.61511
07257,937.08563
07258,1014.32495
07259,758.48254
07260,93.41468
07261,911.02783
07262,969.23370
07263,955.84277
07264,961.07654
07265,957.03589
07266,953.99420
07267,937.16937
07268,263.06308
07269,-46.54200
07270,40.58442
07271,-40.53688
07272,561.93359
07273,1027.68481
07274,293.51382
07275,-28.37393
07276,15.57128
07277,-0.24465
07278,24.62029
07279,855.54401
07280,1052.32202
07281,983.52948
07282,1034.63000
07283,897.68945
07284,948.94452
07285,1027.59338
07286,1001.23712
07287,1012.55096
07288,1001.05731
07289,1003.50470
07290,992.83197
07291,1010.26361
07292,906.51227
07293,137.64825
07294,52.47328
07295,496.40283
07296,806.18408
07297,821.08466
07298,358.37158
07299,-15.70681
07300,9.93209
07301,3.59158
07302,4.40898
07303,259.40802
07304,351.99994
07305,276.74756
07306,445.39209
07307,706.18610
07308,743.14801
07309,576.54242
07310,473.53571
07311,901.32996
07312,1033.20227
07313,997.68768
07314,1007.69214
07315,998.65637
07316,1002.63806
07317,999.96826
07318,1008.12872
07319,959.37671
07320,583.84454
07321,484.71539
07322,605.09650
07323,863.65472
07324,537.84003
07325,-9.10836
07326,8.64277
07327,26.98984
07328,289.70871
07329,267.13718
07330,91.96429
07331,148.01790
07332,216.58678
07333,386.07776
07334,643.71118
07335,631.21429
07336,451.50327
07337,483.77350
07338,835.26056
07339,1002.00323
07340,994.75464
07341,711.17737
07342,395.88843
07343,334.16046
07344,577.32642
07345,874.40173
07346,813.89661
07347,447.80899
07348,129.93863
07349,232.01659
07350,350.99896
07351,257.02390
07352,68.77538
07353,-13.00458
07354,141.02820
07355,438.46475
07356,560.90063
07357,318.19608
07358,18.48071
07359,109.82455
07360,842.06549
07361,1008.52002
07362,967.13190
07363,974.66913
07364,956.07233
07365,62.18512
07366,680.31049
07367,1045.54480
07368,944.73224
07369,979.32684
07370,969.38373
07371,960.84595
07372,996.21838
07373,839.24915
07374,31.46918
07375,15.52498
07376,-26.97865
07377,154.60774
07378,928.08746
07379,943.24915
07380,255.55109
07381,-46.41079
07382,50.33457
07383,-70.00898
07384,401.72028
07385,1079.13440
07386,974.53857
07387,1053.87305
07388,859.85895
07389,966.73981
07390,1014.61267
07391,1048.06726
07392,762.38538
07393,685.93579
07394,1029.70117
07395,996.89453
07396,994.93530
07397,1038.57288
07398,727.04944
07399,154.00090
07400,200.76689
07401,492.64029
07402,845.50006
07403,844.38531
07404,275.65210
07405,-25.85774
07406,16.29037
07407,-0.62106
07408,10.58651
07409,1.54638
07410,29.50640
07411,462.27939
07412,898.16071
07413,1034.58911
07414,776.79645
07415,319.72141
07416,253.29646
07417,633.92371
07418,1015.32922
07419,987.56885
07420,998.62616
07421,992.69897
07422,987.78827
07423,1007.95648
07424,932.76764
07425,631.05151
07426,561.09247
07427,769.68964
07428,1004.84198
07429,675.83307
07430,90.58160
07431,-5.70541
07432,8.26001
07433,-0.78973
07434,48.01552
07435,223.06590
07436,347.36252
07437,395.47162
07438,427.12036
07439,352.28308
07440,226.63022
07441,191.58900
07442,336.60919
07443,697.73846
07444,979.80548
07445,969.19342
07446,986.36847
07447,639.44617
07448,276.61603
07449,297.28482
07450,507.39923
07451,693.37598
07452,663.66620
07453,527.71173
07454,434.56613
07455,360.81342
07456,156.34738
07457,0.56742
07458,-7.87576
07459,147.38269
07460,595.25586
07461,654.81171
07462,390.94592
07463,46.98461
07464,575.19135
07465,1025.63538
07466,939.06299
07467,970.03552
07468,931.63196
07469,42.90491
07470,636.64893
07471,1029.34131
07472,928.43646
07473,978.84955
07474,941.62488
07475,944.06372
07476,951.73279
07477,943.18768
07478,146.21330
07479,-22.36228
07480,4.23592
07481,77.63824
07482,723.58295
07483,1009.94336
07484,558.16913
07485,-20.48629
07486,35.97700
07487,-54.05693
07488,232.99637
07489,998.56116
07490,1024.63586
07491,785.38110
07492,518.52301
07493,977.67004
07494,983.86029
07495,1022.37811
07496,425.20120
07497,369.50546
07498,988.95386
07499,978.73975
07500,1003.98792
07501,979.83997
07502,1002.08276
07503,540.72247
07504,224.05016
07505,523.95282
07506,893.59406
07507,815.63928
07508,263.57614
07509,-26.61909
07510,72.31944
07511,201.56865
07512,25.49795
07513,8.63800
07514,-13.50017
07515,422.41327
07516,928.38116
07517,883.92053
07518,512.88318
07519,227.92360
07520,112.49390
07521,326.16763
07522,868.39258
07523,993.18604
07524,968.66290
07525,983.07477
07526,973.95465
07527,978.93079
07528,941.42328
07529,563.72424
07530,464.73962
07531,738.97076
07532,878.63269
07533,754.56036
07534,491.55670
07535,127.28366
07536,-2.70142
07537,5.71304
07538,75.03864
07539,202.47450
07540,260.78064
07541,355.83334
07542,418.26080
07543,370.70880
07544,302.43353
07545,200.23538
07546,166.60501
07547,267.55844
07548,567.56720
07549,838.64740
07550,821.57947
07551,569.62598
07552,342.56775
07553,296.56964
07554,429.43869
07555,555.13391
07556,524.02637
07557,420.54193
07558,383.10425
07559,464.98801
07560,432.17114
07561,180.56293
07562,22.59244
07563,64.67008
07564,250.49898
07565,354.63159
07566,523.08221
07567,900.57275
07568,961.96667
07569,928.27808
07570,973.66107
07571,797.86694
07572,-21.98157
07573,689.29114
07574,997.44141
07575,925.12653
07576,949.62067
07577,943.85638
07578,914.96143
07579,987.25806
07580,734.26825
07581,-18.94806
07582,30.15705
07583,-27.84846
07584,155.29900
07585,809.91455
07586,1013.63092
07587,805.42914
07588,31.56975
07589,15.06332
07590,-28.48187
07591,174.49789
07592,966.26398
07593,943.36877
07594,543.26746
07595,778.64795
07596,998.67023
07597,1010.02753
07598,711.46655
07599,5.31234
07600,307.95187
07601,942.04736
07602,979.57373
07603,991.78522
07604,955.61462
07605,1013.41864
07606,715.16382
07607,228.83133
07608,594.85883
07609,931.46814
07610,689.22797
07611,265.94220
07612,289.03082
07613,601.31689
07614,410.07898
07615,-0.17892
07616,15.90261
07617,-11.19207
07618,152.25456
07619,484.83142
07620,805.09399
07621,911.90881
07622,476.55295
07623,-0.42109
07624,127.41951
07625,602.27216
07626,784.57715
07627,899.68213
07628,968.49823
07629,965.81073
07630,963.14227
07631,983.36035
07632,675.32953
07633,240.02451
07634,334.16995
07635,652.10657
07636,857.68188
07637,874.48846
07638,603.31012
07639,316.18124
07640,92.25097
07641,-7.89023
07642,62.73772
07643,130.44348
07644,253.08688
07645,451.89682
07646,643.39020
07647,638.67621
07648,327.89285
07649,26.92671
07650,-8.81597
07651,152.20262
07652,595.72260
07653,845.56854
07654,716.31329
07655,487.58145
07656,365.34723
07657,362.79181
07658,328.07202
07659,232.66270
07660,250.14291
07661,415.38315
07662,534.91235
07663,521.76434
07664,408.67737
07665,249.22156
07666,48.28944
07667,8.38621
07668,75.37420
07669,550.18585
07670,942.62872
07671,943.32428
07672,920.65979
07673,973.19910
07674,784.69348
07675,182.47630
07676,870.94031
07677,949.19550
07678,931.68640
07679,931.26752
07680,942.00757
07681,911.80530
07682,980.84546
07683,724.31781
07684,-13.33564
07685,19.54442
07686,-1.87012
07687,32.63190
07688,763.66840
07689,986.72510
07690,941.55786
07691,163.01942
07692,-23.95209
07693,-5.32186
07694,180.25815
07695,542.74945
07696,271.81323
07697,568.83740
07698,1006.74310
07699,955.18890
07700,1029.40527
07701,727.36719
07702,80.42978
07703,116.15419
07704,680.74280
07705,1004.74438
07706,969.78119
07707,976.59644
07708,971.90839
07709,931.47351
07710,682.00665
07711,780.38226
07712,620.73376
07713,174.47717
07714,254.18631
07715,799.30219
07716,1007.32428
07717,737.24664
07718,138.17603
07719,-16.91883
07720,22.79414
07721,-30.53188
07722,230.60695
07723,919.09460
07724,913.32678
07725,481.78046
07726,175.68716
07727,433.14301
07728,601.24768
07729,323.84518
07730,275.20490
07731,491.50131
07732,880.40485
07733,977.25964
07734,939.96985
07735,977.93854
07736,395.42426
07737,74.14844
07738,391.78976
07739,649.80121
07740,739.08868
07741,707.59418
07742,627.10974
07743,526.69159
07744,432.05496
07745,337.72565
07746,99.16754
07747,-17.40017
07748,221.58266
07749,640.14270
07750,833.44781
07751,622.32971
07752,204.00150
07753,-0.90118
07754,10.87480
07755,246.93080
07756,495.85260
07757,479.56699
07758,411.34958
07759,512.32349
07760,523.16736
07761,367.70386
07762,167.83473
07763,0.57956
07764,1.23866
07765,171.54541
07766,448.52454
07767,587.32336
07768,285.05896
07769,222.31450
07770,498.68225
07771,852.59979
07772,955.22327
07773,932.03644
07774,935.71808
07775,948.72815
07776,796.94446
07777,913.31836
07778,946.70959
07779,931.25671
07780,934.29327
07781,923.61597
07782,934.68732
07783,906.20856
07784,953.47504
07785,341.79681
07786,-59.17544
07787,49.40978
07788,-57.82835
07789,408.52905
07790,1051.73193
07791,602.82190
07792,-16.91457
07793,21.69822
07794,-22.74898
07795,137.31729
07796,246.66335
07797,160.23610
07798,388.95612
07799,801.95312
07800,983.44720
07801,959.09369
07802,983.14630
07803,515.11151
07804,35.69973
07805,406.63779
07806,953.04358
07807,964.82990
07808,967.27209
07809,959.42914
07810,958.41357
07811,968.17029
07812,930.43298
07813,723.08435
07814,465.40573
07815,291.49869
07816,464.67740
07817,756.32263
07818,868.49194
07819,532.30298
07820,57.21328
07821,3.31744
07822,-5.79561
07823,177.57425
07824,447.94360
07825,505.81030
07826,429.58795
07827,447.84653
07828,403.60065
07829,272.18823
07830,202.41142
07831,118.43230
07832,273.61673
07833,582.54163
07834,878.71985
07835,974.92645
07836,794.56726
07837,465.21756
07838,339.44446
07839,406.69553
07840,532.21991
07841,538.12299
07842,621.18231
07843,659.87457
07844,724.44904
07845,714.16827
07846,494.93866
07847,232.46095
07848,96.94791
07849,258.37408
07850,521.73340
07851,628.90552
07852,560.25616
07853,331.80539
07854,211.70015
07855,214.93880
07856,234.59647
07857,266.29324
07858,256.93558
07859,371.56662
07860,524.12006
07861,562.59833
07862,437.38449
07863,219.86887
07864,109.73877
07865,163.29956
07866,278.58444
07867,363.63824
07868,327.91464
07869,185.74055
07870,228.86514
07871,326.96545
07872,184.43227
07873,606.38104
07874,971.91602
07875,901.22864
07876,931.60486
07877,916.58020
07878,925.90210
07879,926.89886
07880,925.25055
07881,925.46216
07882,905.34503
07883,913.02563
07884,931.14166
07885,895.66278
07886,961.57190
07887,680.01166
07888,-23.40776
07889,34.78327
07890,-40.64714
07891,264.29468
07892,803.79376
07893,673.25525
07894,255.36081
07895,15.31992
07896,14.13104
07897,2.94261
07898,8.26981
07899,1.03402
07900,49.50521
07901,394.31195
07902,875.57721
07903,935.77570
07904,944.14264
07905,489.06595
07906,69.85543
07907,223.78275
07908,549.26312
07909,832.60242
07910,940.25482
07911,923.93805
07912,930.47949
07913,923.37604
07914,936.55023
07915,854.21954
07916,525.73694
07917,332.21121
07918,414.93069
07919,513.84033
07920,692.23560
07921,634.65106
07922,318.68668
07923,104.23729
07924,53.85471
07925,200.24329
07926,188.31587
07927,230.94736
07928,303.97769
07929,262.00369
07930,339.61096
07931,344.12772
07932,331.40808
07933,173.17552
07934,178.22493
07935,415.03546
07936,499.26730
07937,547.85675
07938,494.61835
07939,443.89212
07940,384.07254
07941,385.47037
07942,481.33667
07943,466.35980
07944,428.96835
07945,514.34241
07946,619.14679
07947,631.75824
07948,527.98767
07949,415.96237
07950,373.54422
07951,419.56485
07952,483.94327
07953,531.61554
07954,495.64105
07955,371.68506
07956,317.72717
07957,398.73242
07958,338.72345
07959,347.78467
07960,288.34787
07961,141.00401
07962,315.30328
07963,454.25592
07964,394.72327
07965,230.91701
07966,227.93150
07967,244.67766
07968,148.13506
07969,45.51235
07970,263.28674
07971,909.19281
07972,882.48669
07973,901.92188
07974,886.76093
07975,892.17236
07976,781.06830
07977,519.27423
07978,675.11353
07979,677.91742
07980,620.59119
07981,694.80713
07982,842.98761
07983,896.03925
07984,828.66699
07985,239.66364
07986,-8.55141
07987,4.25789
07988,192.76512
07989,533.87524
07990,585.69177
07991,433.59973
07992,255.05656
07993,268.57233
07994,158.49786
07995,12.52752
07996,0.56567
07997,27.06074
07998,207.22401
07999,481.35321
08000,712.90106
08001,589.27386
08002,302.53467
08003,118.45702
08004,170.42143
08005,336.22635
08006,435.47424
08007,582.97717
08008,653.60370
08009,625.03680
08010,733.57025
08011,752.57874
08012,529.29956
08013,227.02112
08014,143.99542
08015,440.14450
08016,541.84454
08017,688.15424
08018,660.69202
08019,461.12653
08020,345.16971
08021,302.02618
08022,376.64166
08023,276.91620
08024,213.44714
08025,289.31137
08026,419.08951
08027,497.60065
08028,439.56503
08029,341.85400
08030,90.79161
08031,107.66817
08032,245.02885
08033,398.55838
08034,527.27728
08035,289.10352
08036,331.15262
08037,289.54895
08038,323.59818
08039,524.63831
08040,397.06982
08041,299.32141
08042,300.43539
08043,394.21381
08044,469.06305
08045,373.21161
08046,388.59790
08047,296.02539
08048,335.82581
08049,495.94727
08050,503.81009
08051,460.49454
08052,214.83011
08053,286.70065
08054,462.59708
08055,592.38928
08056,474.01041
08057,283.66241
08058,262.04849
08059,462.82504
08060,424.01804
08061,452.47339
08062,344.92078
08063,326.19217
08064,463.84924
08065,174.53908
08066,634.74115
08067,510.48715
08068,199.84734
08069,225.49278
08070,22.10130
08071,490.34592
08072,387.15482
08073,472.66873
08074,849.74268
08075,640.53412
08076,542.35925
08077,457.32111
08078,400.97382
08079,458.76154
08080,257.88217
08081,431.50455
08082,472.67715
08083,468.67145
08084,630.65228
08085,419.10153
08086,420.33276
08087,263.51123
08088,377.25320
08089,242.12756
08090,371.99274
08091,356.72604
08092,369.34070
08093,412.64499
08094,298.99527
08095,382.15726
08096,285.04727
08097,230.62230
08098,251.68533
08099,299.70471
08100,382.22278
08101,326.23251
08102,402.24060
08103,470.55823
08104,247.05981
08105,269.78323
08106,235.11858
08107,303.19617
08108,587.34680
08109,361.20953
08110,298.18256
08111,353.90393
08112,318.96310
08113,387.36185
08114,331.06534
08115,334.58759
08116,331.41022
08117,356.54541
08118,301.16391
08119,316.66711
08120,378.61484
08121,524.27527
08122,261.03186
08123,210.82445
08124,207.10239
08125,316.45300
08126,436.60135
08127,445.43640
08128,439.27686
08129,338.98666
08130,213.12202
08131,360.26773
08132,402.91168
08133,320.51141
08134,485.63666
08135,160.42117
08136,400.34631
08137,345.73026
08138,282.63300
08139,314.74747
08140,413.60437
08141,175.42101
08142,208.94180
08143,501.22009
08144,338.98615
08145,155.56058
08146,606.83740
08147,165.67256
08148,296.54562
08149,409.15948
08150,198.46512
08151,493.70901
08152,50.81848
08153,524.54022
08154,509.45010
08155,342.69193
08156,270.27924
08157,604.11084
08158,72.55369
08159,287.17325
08160,607.15662
08161,390.13995
08162,491.58911
08163,339.54111
08164,444.76254
08165,309.15524
08166,315.43277
08167,265.00095
08168,591.61475
08169,221.90982
08170,375.29074
08171,348.79871
08172,533.61157
08173,253.08469
08174,161.99329
08175,415.91711
08176,162.04420
08177,169.81561
08178,542.74115
08179,353.58231
08180,499.24863
08181,82.03309
08182,447.24579
08183,424.93359
08184,187.48909
08185,414.01071
08186,139.40691
08187,465.17447
08188,288.92346
08189,398.79926
08190,668.25916
08191,140.52238
08192,321.24988
08193,327.86237
08194,424.30960
08195,179.67754
08196,474.37903
08197,499.90469
08198,159.01418
08199,512.07068
08200,214.43092
08201,390.57913
08202,340.38657
08203,90.50643
08204,314.33914
08205,544.83173
08206,192.37549
08207,266.22748
08208,258.92307
08209,282.98492
08210,278.24777
08211,443.56082
08212,64.66261
08213,495.20663
08214,91.45510
08215,314.94672
08216,602.80621
08217,-11.34857
08218,611.24158
08219,124.95142
08220,296.06772
08221,393.62909
08222,109.76952
08223,521.28278
08224,183.67464
08225,261.34760
08226,373.61874
08227,274.23373
08228,468.61099
08229,132.73814
08230,382.65823
08231,386.40799
08232,62.25058
08233,377.13882
08234,280.19458
08235,391.53848
08236,200.96135
08237,401.41925
08238,251.88820
08239,388.35837
08240,122.37968
08241,731.11060
08242,44.43627
08243,506.19397
08244,97.87179
08245,488.47745
08246,226.03596
08247,329.19925
08248,497.14624
08249,-7.96538
08250,540.42542
08251,71.67183
08252,453.41818
08253,413.96454
08254,5.07517
08255,767.27740
08256,60.40569
08257,267.97678
08258,658.63458
08259,-30.94036
08260,645.95502
08261,135.83458
08262,704.61536
08263,146.69426
08264,463.02466
08265,474.64963
08266,237.84056
08267,453.55591
08268,22.10793
08269,489.12997
08270,298.69308
08271,352.59964
08272,362.67856
08273,82.80174
08274,550.47845
08275,47.13065
08276,381.87772
08277,312.76010
08278,34.47109
08279,554.51160
08280,96.97293
08281,366.69058
08282,278.79510
08283,234.86638
08284,244.88843
08285,209.22018
08286,395.10376
08287,113.57478
08288,197.24170
08289,520.78918
08290,252.22708
08291,257.03870
08292,379.07211
08293,334.95175
08294,454.15292
08295,259.37564
08296,273.46185
08297,260.27911
08298,696.24634
08299,-38.41550
08300,565.26819
08301,180.72704
08302,385.90900
08303,360.71014
08304,215.10155
08305,381.23007
08306,214.82057
08307,276.42261
08308,201.25940
08309,316.90417
08310,249.56824
08311,261.82306
08312,320.57608
08313,69.69472
08314,218.19701
08315,336.20694
08316,120.20586
08317,326.76636
08318,301.02173
08319,213.55360
08320,134.45486
08321,445.90729
08322,168.17223
08323,440.31625
08324,121.52721
08325,434.33859
08326,261.99146
08327,375.64951
08328,347.66989
08329,168.05467
08330,684.02954
08331,-66.10796
08332,478.32022
08333,395.74197
08334,106.91499
08335,149.74893
08336,573.76288
08337,109.23303
08338,452.68250
08339,122.27144
08340,369.76764
08341,147.03499
08342,402.85901
08343,39.57611
08344,550.09760
08345,157.11517
08346,167.96498
08347,393.86203
08348,417.49939
08349,42.80933
08350,708.79266
08351,-9.58486
08352,565.31915
08353,313.43011
08354,421.13297
08355,326.72479
08356,426.72601
08357,193.43298
08358,397.12296
08359,682.82111
08360,-89.48275
08361,563.24603
08362,198.07329
08363,117.64132
08364,607.73138
08365,104.99226
08366,186.61647
08367,676.97827
08368,-15.76054
08369,587.61383
08370,240.14948
08371,360.86615
08372,453.96042
08373,126.28407
08374,496.09924
08375,178.90848
08376,577.89020
08377,42.88721
08378,636.66406
08379,42.80361
08380,507.75452
08381,276.65720
08382,6.49245
08383,695.16504
08384,39.15903
08385,477.90012
08386,452.52206
08387,81.16376
08388,272.14978
08389,146.92346
08390,287.21405
08391,216.28276
08392,224.28912
08393,547.11993
08394,135.80045
08395,585.78802
08396,12.69629
08397,663.45984
08398,109.50020
08399,350.32428
08400,294.24368
08401,314.63004
08402,359.95892
08403,268.72971
08404,292.51154
08405,360.06943
08406,319.64142
08407,313.58612
08408,122.49644
08409,579.38269
08410,119.75826
08411,230.80760
08412,219.10582
08413,223.09677
08414,228.36469
08415,128.19545
08416,360.23584
08417,80.38965
08418,365.60272
08419,132.09650
08420,470.66998
08421,141.58310
08422,424.10413
08423,199.57631
08424,321.22192
08425,117.46064
08426,467.72379
08427,105.22412
08428,688.40997
08429,-1.45996
08430,249.81320
08431,724.49500
08432,-41.05926
08433,639.28973
08434,201.20209
08435,494.85928
08436,350.02844
08437,42.08759
08438,684.75763
08439,-20.65159
08440,551.01282
08441,192.15854
08442,401.55118
08443,319.61691
08444,258.51154
08445,208.00566
08446,418.62500
08447,270.53619
08448,324.67911
08449,102.33484
08450,648.60028
08451,6.35281
08452,472.38309
08453,153.05432
08454,226.84866
08455,640.55347
08456,-35.19590
08457,507.42511
08458,347.94589
08459,20.27110
08460,163.58780
08461,552.25085
08462,395.07202
08463,81.88848
08464,534.80920
08465,-46.35957
08466,612.87567
08467,83.70248
08468,485.23718
08469,342.72879
08470,15.05562
08471,392.22482
08472,474.48596
08473,331.43359
08474,190.04910
08475,84.31046
08476,386.41910
08477,110.58879
08478,358.21548
08479,245.33369
08480,356.89734
08481,65.47237
08482,313.38336
08483,668.56610
08484,-6.20461
08485,281.42822
08486,437.79218
08487,288.33688
08488,273.16684
08489,322.83600
08490,388.57404
08491,424.67203
08492,66.03604
08493,396.91769
08494,451.43292
08495,289.49091
08496,232.89021
08497,640.70056
08498,67.89869
08499,127.24714
08500,618.47888
08501,171.84201
08502,457.38452
08503,187.21986
08504,570.52478
08505,396.47327
08506,100.01308
08507,512.62665
08508,338.59454
08509,343.03250
08510,424.47321
08511,64.48200
08512,457.47125
08513,34.41169
08514,404.30640
08515,393.43094
08516,91.91933
08517,314.04205
08518,173.94254
08519,237.40373
08520,247.66849
08521,113.99674
08522,655.25842
08523,-39.29648
08524,598.18188
08525,200.69397
08526,283.15991
08527,318.58496
08528,164.84705
08529,190.66986
08530,551.16675
08531,55.66269
08532,383.03378
08533,474.44513
08534,-4.02277
08535,620.32117
08536,338.12427
08537,493.02332
08538,311.40335
08539,330.35049
08540,401.70779
08541,314.64844
08542,80.30798
08543,422.96744
08544,327.61334
08545,196.79567
08546,522.56964
08547,166.54022
08548,228.52963
08549,382.37619
08550,329.41312
08551,223.68692
08552,461.49606
08553,270.66202
08554,265.69104
08555,427.59140
08556,161.73703
08557,456.62973
08558,198.85387
08559,88.89378
08560,554.53009
08561,327.72079
08562,-12.29013
08563,559.00122
08564,-11.89935
08565,642.80841
08566,242.89003
08567,390.70404
08568,305.11765
08569,492.45123
08570,245.85985
08571,251.09711
08572,474.53711
08573,364.62469
08574,481.36633
08575,248.63574
08576,493.11771
08577,210.69214
08578,561.61237
08579,129.23071
08580,693.42969
08581,228.94060
08582,661.02264
08583,296.93839
08584,677.37238
08585,322.01581
08586,624.90533
08587,361.15884
08588,270.28375
08589,587.18475
08590,322.13287
08591,83.83402
08592,679.39825
08593,373.36081
08594,204.98364
08595,452.03833
08596,190.43526
08597,302.45566
08598,681.26868
08599,49.50973
08600,680.89545
08601,134.16362
08602,392.25671
08603,591.79315
08604,-14.34781
08605,749.41736
08606,48.52425
08607,741.69720
08608,82.35687
08609,609.71832
08610,225.59016
08611,547.50806
08612,444.68988
08613,521.02698
08614,571.99615
08615,288.78833
08616,843.29797
08617,334.85721
08618,543.72827
08619,161.40195
08620,673.31104
08621,456.93735
08622,242.94089
08623,167.74956
08624,485.57318
08625,540.57208
08626,188.20714
08627,571.26654
08628,183.74625
08629,598.83136
08630,216.80856
08631,475.36053
08632,561.38727
08633,184.49776
08634,657.43304
08635,404.13849
08636,468.36374
08637,441.55798
08638,501.66724
08639,618.46344
08640,214.01418
08641,275.24426
08642,609.17133
08643,313.57196
08644,661.69574
08645,156.86879
08646,955.42938
08647,65.08003
08648,632.94214
08649,246.19220
08650,551.84882
08651,363.29486
08652,407.42584
08653,607.53156
08654,264.58331
08655,594.56061
08656,214.68697
08657,630.99609
08658,188.13947
08659,463.24442
08660,478.21054
08661,86.80352
08662,542.91528
08663,397.82144
08664,499.56540
08665,310.64505
08666,382.07944
08667,487.77234
08668,268.72665
08669,429.66608
08670,308.75201
08671,546.02130
08672,259.18066
08673,275.51047
08674,733.69336
08675,188.13799
08676,458.60452
08677,457.05762
08678,535.91248
08679,306.69830
08680,553.23364
08681,260.30661
08682,618.94061
08683,205.91727
08684,674.20105
08685,133.84213
08686,714.64722
08687,96.16152
08688,613.64404
08689,317.40039
08690,380.81244
08691,397.13480
08692,493.56931
08693,349.93176
08694,399.42462
08695,271.23422
08696,649.57031
08697,277.00754
08698,512.17914
08699,306.94946
08700,400.27444
08701,482.31693
08702,117.39262
08703,689.51697
08704,179.17917
08705,262.10907
08706,768.70874
08707,137.44734
08708,400.41199
08709,301.61295
08710,468.78152
08711,429.42438
08712,396.91049
08713,189.62064
08714,693.35785
08715,257.02487
08716,195.80984
08717,710.72162
08718,225.71141
08719,507.93704
08720,315.67975
08721,368.34064
08722,302.77530
08723,520.33185
08724,315.72696
08725,586.78650
08726,202.36369
08727,611.26654
08728,73.95956
08729,431.78705
08730,100.29895
08731,459.36810
08732,373.66675
08733,213.36786
08734,585.56317
08735,306.58389
08736,476.93817
08737,211.14590
08738,265.16855
08739,400.78366
08740,362.00140
08741,277.42352
08742,507.55524
08743,494.50677
08744,65.10349
08745,653.48993
08746,213.34254
08747,534.37799
08748,512.17145
08749,199.65773
08750,723.58453
08751,79.39287
08752,747.80524
08753,248.06165
08754,325.57880
08755,348.38113
08756,285.68011
08757,262.59546
08758,503.53357
08759,208.74496
08760,706.02838
08761,207.86258
08762,372.04559
08763,439.62192
08764,391.73886
08765,139.14499
08766,453.90936
08767,310.66461
08768,521.93164
08769,250.48578
08770,262.30783
08771,547.25153
08772,396.08392
08773,166.04822
08774,593.22980
08775,244.09102
08776,478.53708
08777,420.58087
08778,325.88336
08779,749.54663
08780,80.25044
08781,630.15631
08782,49.83171
08783,374.77155
08784,478.75763
08785,178.52206
08786,411.06473
08787,216.65665
08788,436.57602
08789,229.00731
08790,344.32074
08791,340.22324
08792,326.59915
08793,569.48145
08794,132.40317
08795,450.65851
08796,376.12488
08797,358.70462
08798,470.34995
08799,230.64375
08800,255.94241
08801,469.47144
08802,168.95721
08803,620.26727
08804,177.06705
08805,639.46179
08806,189.09492
08807,649.23590
08808,240.59084
08809,468.30579
08810,277.75040
08811,213.64253
08812,401.17303
08813,275.89563
08814,607.90771
08815,520.53033
08816,380.77377
08817,445.92792
08818,105.08693
08819,268.11163
08820,403.77802
08821,279.60516
08822,425.98743
08823,271.07037
08824,782.69202
08825,118.27534
08826,483.92807
08827,273.25949
08828,626.01044
08829,154.47626
08830,494.43762
08831,248.42444
08832,356.82269
08833,392.65204
08834,396.74405
08835,283.27563
08836,428.71106
08837,394.37704
08838,356.62280
08839,250.02704
08840,476.70282
08841,292.67044
08842,561.81720
08843,142.03108
08844,670.17462
08845,380.07339
08846,494.68045
08847,284.97128
08848,567.12347
08849,238.32315
08850,780.43207
08851,98.57104
08852,926.49518
08853,148.01196
08854,599.57135
08855,280.04120
08856,436.55212
08857,475.77640
08858,484.43872
08859,178.39746
08860,753.60327
08861,31.00101
08862,633.83533
08863,281.36093
08864,582.99231
08865,512.15063
08866,559.13165
08867,569.84393
08868,554.25543
08869,634.79175
08870,367.49969
08871,645.37048
08872,314.00058
08873,504.71323
08874,296.65930
08875,631.90582
08876,477.84964
08877,392.31787
08878,672.17664
08879,-98.73750
08880,664.26538
08881,373.86920
08882,510.36938
08883,297.18021
08884,532.30817
08885,592.24292
08886,475.77518
08887,430.17303
08888,657.12286
08889,240.62521
08890,530.27197
08891,423.59799
08892,438.99329
08893,234.83528
08894,606.05005
08895,179.58559
08896,549.26074
08897,410.91119
08898,471.25391
08899,474.56448
08900,322.99765
08901,414.89661
08902,600.66943
08903,138.21506
08904,840.31921
08905,122.60482
08906,718.46460
08907,184.62460
08908,670.38330
08909,266.28098
08910,542.22815
08911,363.37054
08912,454.15067
08913,368.77396
08914,291.29105
08915,600.01495
08916,201.94411
08917,587.05109
08918,301.85925
08919,512.44617
08920,409.41049
08921,393.02652
08922,279.40234
08923,687.01843
08924,131.55751
08925,508.57147
08926,322.48007
08927,354.69653
08928,507.44479
08929,299.00696
08930,587.51990
08931,304.33148
08932,548.94244
08933,374.14401
08934,318.50726
08935,359.20673
08936,459.09116
08937,220.19919
08938,580.01093
08939,163.23770
08940,646.45795
08941,164.69073
08942,674.65924
08943,133.95245
08944,522.38794
08945,169.55997
08946,469.26010
08947,438.98245
08948,208.10771
08949,532.84210
08950,393.12793
08951,308.31158
08952,517.13879
08953,140.79999
08954,454.40182
08955,389.90018
08956,312.18152
08957,552.51050
08958,432.98148
08959,458.70486
08960,452.38879
08961,396.89005
08962,462.14423
08963,387.15906
08964,302.76816
08965,659.55316
08966,16.50171
08967,767.89716
08968,92.60712
08969,682.33490
08970,281.35263
08971,408.48975
08972,551.37329
08973,329.21558
08974,528.56006
08975,57.22402
08976,668.30573
08977,120.12746
08978,492.97827
08979,225.61627
08980,634.42694
08981,120.91192
08982,585.73138
08983,264.22839
08984,481.91614
08985,434.13739
08986,487.05774
08987,287.98816
08988,505.90897
08989,443.33908
08990,209.99846
08991,488.74377
08992,297.33270
08993,330.09015
08994,429.84262
08995,242.18224
08996,468.33774
08997,214.70345
08998,400.39728
08999,182.43896
09000,509.95212
09001,263.69446
09002,358.55548
09003,290.66974
09004,342.61227
09005,288.57211
09006,533.23975
09007,150.49199
09008,547.99884
09009,168.93896
09010,561.26031
09011,240.61972
09012,329.61508
09013,487.96820
09014,174.55496
09015,547.82050
09016,215.38448
09017,384.66541
09018,450.36633
09019,245.93924
09020,557.70630
09021,211.32703
09022,499.87479
09023,301.44437
09024,428.47635
09025,335.23761
09026,372.44025
09027,333.75079
09028,448.62164
09029,297.76849
09030,534.81476
09031,375.02905
09032,422.24472
09033,350.32965
09034,334.13281
09035,449.03894
09036,262.75336
09037,341.91360
09038,346.48480
09039,604.81885
09040,203.21310
09041,561.70502
09042,203.59442
09043,258.37097
09044,331.34818
09045,323.11157
09046,299.83517
09047,404.70502
09048,260.56241
09049,347.31201
09050,456.48019
09051,268.54425
09052,496.18561
09053,359.32108
09054,284.05902
09055,426.04092
09056,264.54535
09057,448.57669
09058,190.58824
09059,508.61911
09060,240.72031
09061,395.36121
09062,367.09094
09063,408.52533
09064,223.23851
09065,288.64420
09066,257.66000
09067,555.04529
09068,221.24930
09069,483.43375
09070,190.35645
09071,583.25122
09072,201.72556
09073,493.02612
09074,230.23495
09075,301.83801
09076,263.03357
09077,631.00793
09078,-86.52867
09079,639.38434
09080,164.14381
09081,372.94644
09082,323.34845
09083,385.80923
09084,114.44779
09085,518.90509
09086,144.87955
09087,527.83832
09088,293.80923
09089,255.55272
09090,306.36154
09091,483.61594
09092,179.99132
09093,164.49043
09094,458.56241
09095,161.00150
09096,527.00537
09097,144.87355
09098,575.54956
09099,315.21655
09100,313.77298
09101,418.98779
09102,179.77364
09103,344.62665
09104,226.02756
09105,471.24426
09106,18.89977
09107,517.29401
09108,173.01097
09109,352.45798
09110,270.31857
09111,247.50302
09112,344.77237
09113,453.57809
09114,299.18344
09115,186.08315
09116,474.93079
09117,271.16458
09118,432.92499
09119,424.87122
09120,284.45432
09121,213.60483
09122,741.94037
09123,93.73540
09124,584.13947
09125,87.57876
09126,417.35571
09127,368.95728
09128,203.14000
09129,384.77765
09130,97.70406
09131,505.86569
09132,12.23113
09133,618.61853
09134,191.10182
09135,406.45123
09136,423.27679
09137,65.82388
09138,703.49310
09139,-34.30435
09140,540.56470
09141,188.14812
09142,54.81963
09143,638.49017
09144,76.58658
09145,547.96063
09146,170.37814
09147,484.37738
09148,498.95917
09149,152.32671
09150,381.68713
09151,483.01202
09152,142.04990
09153,293.47382
09154,123.38151
09155,492.84103
09156,223.22118
09157,340.18939
09158,235.00137
09159,261.46558
09160,416.81744
09161,309.86481
09162,176.81621
09163,354.89825
09164,267.00592
09165,228.34209
09166,452.72748
09167,115.24441
09168,310.56259
09169,326.45508
09170,123.18925
09171,284.62256
09172,405.16180
09173,198.42796
09174,357.41559
09175,181.77835
09176,355.97134
09177,199.25719
09178,269.78217
09179,312.09500
09180,301.08426
09181,190.54802
09182,395.57220
09183,118.77991
09184,460.21863
09185,62.33049
09186,375.55338
09187,348.74045
09188,237.33810
09189,256.86118
09190,344.36963
09191,359.11426
09192,100.65475
09193,454.54977
09194,286.89685
09195,60.47651
09196,467.27484
09197,197.53893
09198,468.20483
09199,185.80400
09200,452.08762
09201,71.38899
09202,558.82129
09203,25.84577
09204,277.96167
09205,419.98557
09206,92.59317
09207,574.97870
09208,103.38877
09209,684.08405
09210,45.58207
09211,275.32541
09212,507.47733
09213,57.13291
09214,432.33502
09215,312.72800
09216,133.87578
09217,532.65216
09218,27.69803
09219,523.42688
09220,193.51974
09221,421.24982
09222,131.09506
09223,416.18588
09224,201.93256
09225,352.70886
09226,303.35458
09227,446.42114
09228,226.25452
09229,191.16167
09230,281.65784
09231,280.67325
09232,264.57156
09233,316.05585
09234,291.57666
09235,141.78239
09236,371.87851
09237,230.06786
09238,281.75867
09239,222.79645
09240,462.36325
09241,-28.03605
09242,416.57098
09243,-2.56214
09244,370.83328
09245,274.47726
09246,244.88486
09247,337.45200
09248,181.22633
09249,146.58940
09250,261.44543
09251,433.74710
09252,179.73349
09253,390.29108
09254,86.77862
09255,541.31573
09256,32.63075
09257,551.84595
09258,69.30855
09259,474.19925
09260,259.57919
09261,360.04660
09262,337.31979
09263,206.94864
09264,405.22107
09265,52.32281
09266,280.03851
09267,331.77148
09268,62.89167
09269,565.67017
09270,26.05401
09271,364.17755
09272,326.21671
09273,78.01669
09274,550.07837
09275,-5.23167
09276,563.72064
09277,61.47406
09278,424.40506
09279,280.82108
09280,330.07608
09281,431.22568
09282,18.05825
09283,571.42303
09284,73.02668
09285,373.74017
09286,287.70575
09287,151.76050
09288,153.11586
09289,392.90369
09290,124.87121
09291,280.27817
09292,209.71259
09293,503.84299
09294,164.37010
09295,252.52419
09296,429.62445
09297,-2.12065
09298,411.42206
09299,78.88834
09300,409.84735
09301,199.61540
09302,236.66563
09303,290.70523
09304,174.21565
09305,526.47174
09306,38.89478
09307,322.61276
09308,413.68933
09309,105.88917
09310,210.46141
09311,292.55276
09312,127.54797
09313,315.09311
09314,43.35331
09315,547.11853
09316,35.75618
09317,540.69879
09318,231.38794
09319,180.31703
09320,289.63049
09321,143.19518
09322,196.60562
09323,310.36295
09324,230.83212
09325,327.73361
09326,278.51709
09327,203.73724
09328,317.76312
09329,139.62399
09330,215.22916
09331,401.50360
09332,30.57112
09333,344.99405
09334,184.38924
09335,148.10107
09336,529.41400
09337,36.96858
09338,589.13306
09339,96.48067
09340,390.10269
09341,126.98988
09342,255.98514
09343,536.80847
09344,-69.44304
09345,574.30713
09346,183.49901
09347,300.84979
09348,408.74435
09349,64.15305
09350,541.76837
09351,114.85865
09352,399.71140
09353,260.76038
09354,292.60541
09355,354.57562
09356,252.27141
09357,270.40939
09358,156.23608
09359,289.67505
09360,439.93982
09361,228.55379
09362,97.73579
09363,525.13818
09364,136.90904
09365,540.14954
09366,139.52657
09367,557.82800
09368,227.98749
09369,595.31775
09370,124.52460
09371,338.39996
09372,194.38312
09373,427.47565
09374,111.55579
09375,503.41763
09376,172.69276
09377,414.33408
09378,119.26749
09379,280.52090
09380,339.75925
09381,-14.66114
09382,617.80524
09383,96.10342
09384,393.43024
09385,278.32291
09386,134.11900
09387,409.96817
09388,89.82507
09389,104.26305
09390,573.84473
09391,-47.72383
09392,464.97086
09393,369.84171
09394,286.10437
09395,310.27835
09396,256.43079
09397,326.61340
09398,238.28557
09399,382.67612
09400,-33.15706
09401,313.02420
09402,386.96133
09403,198.70091
09404,558.97839
09405,125.45564
09406,534.89905
09407,144.21741
09408,306.08636
09409,203.81015
09410,201.65683
09411,434.24579
09412,80.45769
09413,381.71667
09414,259.94720
09415,356.06949
09416,271.66446
09417,293.30881
09418,237.69670
09419,481.99222
09420,313.83145
09421,383.33624
09422,192.99995
09423,221.70088
09424,238.69086
09425,427.00104
09426,201.74603
09427,256.42163
09428,357.20215
09429,267.44852
09430,416.02029
09431,135.81326
09432,240.35843
09433,311.00995
09434,236.46198
09435,323.19989
09436,338.31659
09437,85.49033
09438,475.88626
09439,24.96655
09440,284.71661
09441,202.37895
09442,315.97922
09443,410.02847
09444,110.79359
09445,212.65561
09446,408.17609
09447,385.10403
09448,393.76721
09449,236.20403
09450,438.82401
09451,227.86566
09452,348.44751
09453,250.86533
09454,448.67181
09455,314.64401
09456,44.77466
09457,474.69382
09458,156.89452
09459,398.48724
09460,287.33521
09461,532.49304
09462,159.21999
09463,511.63916
09464,189.01706
09465,409.49097
09466,191.07780
09467,405.29593
09468,215.84155
09469,469.74628
09470,196.58322
09471,458.71603
09472,268.04572
09473,444.59274
09474,197.40814
09475,348.41010
09476,337.13120
09477,131.91495
09478,482.75211
09479,99.67020
09480,363.97836
09481,238.35927
09482,260.86511
09483,344.13181
09484,63.11687
09485,270.46271
09486,334.88745
09487,97.93042
09488,400.29697
09489,75.74523
09490,601.52118
09491,-12.77082
09492,419.23611
09493,258.42255
09494,91.67838
09495,590.30719
09496,114.19585
09497,549.44916
09498,329.60614
09499,79.02288
09500,563.19812
09501,-44.77239
09502,469.68954
09503,84.91786
09504,529.31415
09505,120.47908
09506,527.65106
09507,215.81552
09508,492.34143
09509,346.61020
09510,394.36453
09511,480.19647
09512,321.06595
09513,272.44064
09514,471.45065
09515,277.45880
09516,441.20370
09517,229.95798
09518,650.59979
09519,320.40680
09520,277.16391
09521,514.45135
09522,348.11066
09523,580.87402
09524,71.64705
09525,558.11304
09526,321.82852
09527,369.89984
09528,306.56659
09529,258.12357
09530,348.83600
09531,372.19757
09532,381.82086
09533,322.84644
09534,337.45465
09535,252.69316
09536,280.28979
09537,445.45947
09538,156.35214
09539,347.36734
09540,397.46857
09541,175.02267
09542,411.79440
09543,218.38704
09544,345.12195
09545,252.95152
09546,297.31821
09547,411.90842
09548,288.68729
09549,353.84695
09550,246.18552
09551,515.26917
09552,187.79466
09553,244.59059
09554,501.75308
09555,107.61983
09556,418.35699
09557,432.19269
09558,47.33449
09559,562.03656
09560,33.06579
09561,558.11255
09562,264.69495
09563,400.18210
09564,367.51059
09565,312.94785
09566,363.26736
09567,59.63828
09568,428.42505
09569,297.94846
09570,231.93045
09571,536.12231
09572,104.91174
09573,364.43036
09574,326.64502
09575,298.86038
09576,393.62048
09577,191.01395
09578,280.52588
09579,350.64108
09580,107.75270
09581,448.38535
09582,-36.89717
09583,616.60004
09584,209.03094
09585,452.26193
09586,399.21353
09587,165.11316
09588,594.28455
09589,124.48761
09590,551.25116
09591,228.49681
09592,198.56802
09593,338.70120
09594,242.89507
09595,330.72345
09596,230.34608
09597,321.32285
09598,457.51495
09599,241.05261
09600,433.02963
09601,392.32855
09602,245.86099
09603,498.29672
09604,340.18561
09605,419.73239
09606,398.07288
09607,348.40842
09608,398.12384
09609,101.14657
09610,735.30219
09611,176.40482
09612,477.43491
09613,266.25964
09614,173.54678
09615,392.49796
09616,342.34525
09617,147.41818
09618,399.02115
09619,173.26149
09620,492.28302
09621,32.32422
09622,634.52380
09623,172.12732
09624,458.31155
09625,253.65051
09626,371.56720
09627,350.03558
09628,443.66510
09629,371.76593
09630,486.92099
09631,250.71770
09632,501.55627
09633,249.73064
09634,531.71869
09635,322.83649
09636,434.62524
09637,376.92334
09638,370.25546
09639,615.35901
09640,127.58103
09641,599.48059
09642,131.29784
09643,569.53107
09644,220.96686
09645,401.93457
09646,418.12415
09647,335.85352
09648,69.89966
09649,619.32874
09650,49.91456
09651,644.94666
09652,152.57545
09653,534.27771
09654,339.46445
09655,346.99582
09656,403.86252
09657,434.20325
09658,506.60614
09659,267.79834
09660,363.20743
09661,543.06073
09662,-1.10671
09663,695.85175
09664,228.00171
09665,288.60941
09666,542.96643
09667,109.07444
09668,756.20471
09669,104.76061
09670,296.20151
09671,591.88391
09672,-31.81930
09673,682.75079
09674,47.07182
09675,598.85138
09676,218.80818
09677,510.21265
09678,381.72775
09679,504.05917
09680,428.32663
09681,263.83838
09682,557.76740
09683,219.92432
09684,244.46277
09685,549.69867
09686,169.88873
09687,533.22156
09688,223.58257
09689,742.12622
09690,52.40636
09691,680.95667
09692,202.57857
09693,500.26144
09694,368.06995
09695,409.98907
09696,489.96725
09697,392.87146
09698,282.52679
09699,404.10062
09700,224.55928
09701,539.80347
09702,259.10165
09703,343.11743
09704,592.76233
09705,232.18277
09706,529.78412
09707,228.89146
09708,737.39709
09709,167.59508
09710,544.26404
09711,369.30576
09712,473.90356
09713,283.96780
09714,353.27417
09715,509.24734
09716,410.10208
09717,365.34622
09718,451.88379
09719,425.16418
09720,228.57921
09721,443.81784
09722,224.49487
09723,460.36548
09724,310.95020
09725,395.24838
09726,320.18805
09727,178.25865
09728,395.35495
09729,231.56999
09730,667.96875
09731,305.95633
09732,676.76965
09733,218.28326
09734,355.06732
09735,659.97528
09736,162.59988
09737,400.92020
09738,329.02588
09739,167.23048
09740,631.02649
09741,297.28949
09742,270.17227
09743,410.61014
09744,314.70312
09745,300.56049
09746,232.06163
09747,530.16974
09748,188.27484
09749,552.04730
09750,222.72636
09751,476.31577
09752,312.11752
09753,554.31329
09754,105.97195
09755,689.67053
09756,129.20755
09757,265.11157
09758,478.57742
09759,-0.08692
09760,623.56531
09761,263.98239
09762,479.94382
09763,502.85699
09764,335.45245
09765,663.15228
09766,91.65414
09767,785.15491
09768,200.01857
09769,404.55032
09770,413.02350
09771,294.49503
09772,525.60187
09773,142.48120
09774,486.35388
09775,349.89996
09776,401.47006
09777,382.21149
09778,340.07651
09779,134.77618
09780,719.43024
09781,104.48988
09782,735.70874
09783,47.91962
09784,676.96533
09785,218.02693
09786,545.16296
09787,305.36166
09788,491.96777
09789,178.02789
09790,510.00302
09791,304.63971
09792,161.15575
09793,547.19781
09794,127.35857
09795,691.52283
09796,164.86098
09797,401.72769
09798,416.06674
09799,243.19995
09800,434.00241
09801,446.62262
09802,263.93045
09803,400.20096
09804,166.61644
09805,372.38223
09806,355.98682
09807,96.16341
09808,544.58459
09809,307.90323
09810,417.86032
09811,508.46103
09812,238.67262
09813,630.00891
09814,23.22542
09815,593.66119
09816,220.24950
09817,369.21454
09818,230.12543
09819,613.56061
09820,409.35208
09821,91.47813
09822,598.12036
09823,115.88076
09824,756.37665
09825,294.91306
09826,311.03427
09827,500.00287
09828,259.27063
09829,520.16260
09830,289.36102
09831,538.98236
09832,364.51254
09833,437.60394
09834,478.39606
09835,169.44751
09836,543.65686
09837,301.92877
09838,392.19058
09839,210.14894
09840,319.82303
09841,406.36819
09842,288.93652
09843,386.70432
09844,459.95023
09845,288.16763
09846,485.00418
09847,496.71625
09848,311.15866
09849,609.48792
09850,344.97476
09851,392.33887
09852,396.29990
09853,449.35635
09854,281.16046
09855,566.50867
09856,244.77365
09857,536.98267
09858,196.47325
09859,398.71249
09860,321.53210
09861,375.47101
09862,242.46973
09863,325.85953
09864,419.71088
09865,323.44922
09866,241.04942
09867,733.60455
09868,14.23156
09869,455.11252
09870,494.09741
09871,358.82144
09872,305.86731
09873,481.16751
09874,219.68204
09875,517.72357
09876,352.73010
09877,378.15948
09878,313.44608
09879,427.81067
09880,236.67145
09881,653.88513
09882,209.33556
09883,563.85925
09884,458.64178
09885,469.02353
09886,440.95630
09887,230.02834
09888,577.44708
09889,245.12471
09890,258.52618
09891,556.97766
09892,264.77161
09893,439.41635
09894,221.07141
09895,561.81201
09896,288.71936
09897,505.04999
09898,409.76508
09899,458.78043
09900,417.60342
09901,347.54337
09902,625.75641
09903,182.36731
09904,539.34772
09905,370.77896
09906,231.68942
09907,612.67883
09908,71.26116
09909,711.16852
09910,293.72607
09911,261.54666
09912,765.81458
09913,6.21668
09914,725.64276
09915,233.48088
09916,275.72766
09917,693.47144
09918,44.00220
09919,673.63654
09920,216.33916
09921,528.71838
09922,351.29813
09923,429.50430
09924,497.32977
09925,417.20718
09926,477.83585
09927,491.20029
09928,147.68413
09929,614.55042
09930,278.89841
09931,214.38406
09932,486.16464
09933,204.09816
09934,488.56979
09935,200.49010
09936,321.26877
09937,602.31378
09938,183.13783
09939,457.25375
09940,221.77319
09941,499.33060
09942,108.76070
09943,615.02179
09944,80.46606
09945,668.94781
09946,211.12442
09947,574.51343
09948,172.05334
09949,663.86780
09950,120.44943
09951,551.68921
09952,218.74535
09953,471.21558
09954,595.69836
09955,57.23965
09956,640.25989
09957,167.89999
09958,477.34601
09959,240.79565
09960,583.67035
09961,251.75990
09962,493.89871
09963,244.47931
09964,538.51917
09965,273.76309
09966,114.22327
09967,662.58411
09968,308.38580
09969,278.51883
09970,448.26910
09971,289.15536
09972,293.34375
09973,363.00436
09974,203.07524
09975,542.28534
09976,314.85281
09977,398.04123
09978,361.85776
09979,212.44951
09980,432.60004
09981,94.78374
09982,627.34045
09983,195.97484
09984,391.11786
09985,417.17612
09986,133.36827
09987,705.98309
09988,10.02722
09989,539.86304
09990,400.07983
09991,71.99470
09992,667.81329
09993,118.19987
09994,494.09070
09995,156.82866
09996,543.84454
09997,237.98900
09998,482.88480
09999,238.40477
10000,381.16476
10001,237.78322
10002,435.92136
10003,163.21783
10004,596.36688
10005,100.58771
10006,361.88885
10007,429.83667
10008,149.65251
10009,400.68259
10010,164.62166
10011,559.74219
10012,136.78262
10013,526.40790
10014,129.63600
10015,459.45679
10016,165.37816
10017,376.45389
10018,384.38388
10019,317.55853
10020,231.27652
10021,399.12027
10022,221.43364
10023,454.79318
10024,152.82913
10025,622.95807
10026,186.35728
10027,257.21808
10028,450.54358
10029,176.79611
10030,361.66693
10031,372.20245
10032,126.37910
10033,327.14496
10034,446.98584
10035,55.28575
10036,686.11145
10037,53.37906
10038,811.11188
10039,213.28683
10040,599.46838
10041,384.45160
10042,347.06409
10043,296.42548
10044,609.55420
10045,127.52550
10046,663.16858
10047,56.83744
10048,634.27039
10049,219.71570
10050,534.89417
10051,345.57877
10052,419.20239
10053,517.64600
10054,359.95697
10055,520.27515
10056,428.46152
10057,413.66019
10058,469.49963
10059,382.44897
10060,348.53983
10061,333.84586
10062,410.53021
10063,371.08133
10064,481.07486
10065,231.75768
10066,620.65210
10067,-42.31712
10068,713.33563
10069,229.95227
10070,476.98770
10071,364.96918
10072,140.10728
10073,488.14203
10074,257.45605
10075,476.91074
10076,127.74864
10077,518.78790
10078,169.14900
10079,620.06006
10080,342.30588
10081,263.66638
10082,604.78235
10083,135.11653
10084,623.69690
10085,73.43042
10086,504.25186
10087,233.62407
10088,270.11209
10089,386.99524
10090,236.44870
10091,315.93539
10092,473.84128
10093,220.91284
10094,616.49347
10095,64.17795
10096,463.96646
10097,217.01549
10098,389.39932
10099,257.44308
10100,448.34906
10101,58.04668
10102,493.94748
10103,231.87277
10104,543.10602
10105,96.08324
10106,501.50082
10107,256.20566
10108,339.13229
10109,414.54657
10110,36.32867
10111,672.92786
10112,142.55991
10113,786.90216
10114,60.26849
10115,600.84808
10116,222.03317
10117,509.13916
10118,299.66040
10119,508.23349
10120,379.79129
10121,400.58514
10122,337.29999
10123,477.17459
10124,315.06363
10125,369.92609
10126,283.54144
10127,439.15726
10128,131.15810
10129,532.21527
10130,103.66035
10131,564.29327
10132,128.17081
10133,426.12021
10134,422.29044
10135,73.39337
10136,555.48285
10137,143.99660
10138,444.70959
10139,418.40021
10140,282.02130
10141,512.37140
10142,-17.64808
10143,513.91302
10144,419.53967
10145,45.37437
10146,581.05463
10147,132.78589
10148,572.73993
10149,73.78741
10150,313.38919
10151,411.74704
10152,249.04921
10153,390.15909
10154,263.09589
10155,372.25406
10156,301.51031
10157,323.43564
10158,305.62646
10159,432.56668
10160,287.59457
10161,404.05792
10162,321.65588
10163,290.17886
10164,498.79416
10165,250.96437
10166,355.25613
10167,497.89114
10168,307.91718
10169,220.90067
10170,635.44049
10171,185.97969
10172,780.62775
10173,73.13710
10174,687.04541
10175,78.08265
10176,653.73145
10177,195.82024
10178,501.94943
10179,565.76611
10180,175.87421
10181,433.77344
10182,294.99588
10183,168.78404
10184,350.42661
10185,377.87146
10186,316.75555
10187,419.96027
10188,164.07739
10189,437.08209
10190,184.56964
10191,292.47488
10192,351.14502
10193,494.68753
10194,74.21973
10195,607.67462
10196,156.84198
10197,558.63806
10198,70.36320
10199,450.34219
10200,303.95605
10201,399.57886
10202,299.40576
10203,323.74066
10204,557.59442
10205,91.10523
10206,617.45752
10207,259.84296
10208,343.13690
10209,384.14859
10210,186.49928
10211,524.44287
10212,215.19769
10213,349.88718
10214,355.05319
10215,452.58032
10216,382.84802
10217,457.49237
10218,273.64194
10219,466.60715
10220,322.30267
10221,321.24060
10222,522.88745
10223,-110.99602
10224,656.94550
10225,184.35439
10226,533.13806
10227,263.17221
10228,479.33838
10229,406.62006
10230,501.01651
10231,193.99283
10232,581.10132
10233,213.32005
10234,503.07910
10235,221.67854
10236,482.65643
10237,336.65881
10238,209.61552
10239,420.21347
10240,227.98402
10241,551.76703
10242,198.79448
10243,368.97470
10244,427.63281
10245,175.79695
10246,644.51953
10247,67.65167
10248,376.45508
10249,416.54648
10250,31.69390
10251,608.74817
10252,198.65488
10253,527.62646
10254,275.13229
10255,424.84018
10256,276.53183
10257,425.84204
10258,353.18683
10259,390.92538
10260,278.27072
10261,375.05951
10262,417.79077
10263,331.61807
10264,398.15582
10265,312.31247
10266,415.41687
10267,355.24872
10268,217.80067
10269,525.65607
10270,8.46401
10271,697.84204
10272,215.63014
10273,479.23495
10274,406.14246
10275,326.47488
10276,357.08575
10277,377.66083
10278,358.38089
10279,209.35506
10280,540.80145
10281,262.48694
10282,319.10416
10283,272.60675
10284,395.37463
10285,349.22110
10286,451.23767
10287,264.16846
10288,552.29169
10289,299.10703
10290,550.94562
10291,207.19664
10292,323.73273
10293,552.26617
10294,-124.55557
10295,707.11670
10296,198.58485
10297,492.29230
10298,400.27817
10299,282.25616
10300,478.32715
10301,45.45164
10302,588.44421
10303,277.22125
10304,437.40573
10305,274.19153
10306,363.19595
10307,364.85675
10308,245.39261
10309,452.86093
10310,367.98181
10311,303.95544
10312,154.15544
10313,447.63968
10314,135.43262
10315,239.05847
10316,367.63553
10317,405.44308
10318,320.78790
10319,348.44672
10320,294.00848
10321,181.35957
10322,488.15875
10323,26.44183
10324,658.96930
10325,-14.69795
10326,469.38733
10327,287.88235
10328,427.39474
10329,362.51797
10330,269.71445
10331,360.70856
10332,361.28967
10333,415.48318
10334,155.95157
10335,455.46570
10336,102.10205
10337,473.68726
10338,40.04358
10339,638.71869
10340,246.03297
10341,144.64589
10342,608.55457
10343,135.09564
10344,378.22330
10345,428.74973
10346,91.43943
10347,567.32117
10348,324.30624
10349,560.28937
10350,301.58185
10351,373.94064
10352,406.24103
10353,67.97386
10354,522.83984
10355,182.32433
10356,452.15625
10357,374.89349
10358,249.43797
10359,508.52170
10360,148.74171
10361,259.70724
10362,401.40021
10363,89.30812
10364,432.81653
10365,241.79454
10366,251.93073
10367,444.51431
10368,58.76637
10369,450.59396
10370,151.57153
10371,489.71097
10372,153.20026
10373,668.56073
10374,89.53934
10375,590.42871
10376,46.63088
10377,566.25354
10378,250.05997
10379,468.20288
10380,327.37579
10381,277.56018
10382,459.55829
10383,187.29477
10384,486.30756
10385,168.28899
10386,590.42322
10387,165.41524
10388,536.85870
10389,333.95984
10390,538.42981
10391,273.84912
10392,524.16559
10393,252.20282
10394,417.97968
10395,46.23754
10396,577.75696
10397,121.97259
10398,375.47235
10399,462.66806
10400,128.19936
10401,360.76105
10402,300.93402
10403,155.55229
10404,584.63055
10405,175.49188
10406,327.31094
10407,423.55988
10408,88.52487
10409,618.22925
10410,249.99745
10411,235.12181
10412,376.56989
10413,305.19583
10414,305.66513
10415,269.27301
10416,338.47302
10417,300.89215
10418,221.48410
10419,603.92615
10420,149.45013
10421,194.25443
10422,506.87729
10423,144.54185
10424,497.13342
10425,120.09516
10426,322.64380
10427,433.20874
10428,196.89716
10429,289.85910
10430,604.78516
10431,174.74899
10432,524.76086
10433,175.88826
10434,340.65274
10435,133.40140
10436,367.14758
10437,226.06201
10438,529.31085
10439,257.87372
10440,448.60440
10441,221.25462
10442,532.75708
10443,228.19218
10444,319.01416
10445,368.68341
10446,380.99783
10447,335.72397
10448,401.17606
10449,259.49234
10450,497.97833
10451,115.16808
10452,668.52502
10453,100.83170
10454,384.10468
10455,332.03046
10456,218.29456
10457,379.79163
10458,243.32639
10459,568.68195
10460,74.65364
10461,517.97180
10462,73.63134
10463,631.07458
10464,243.26562
10465,281.85327
10466,497.19315
10467,134.35957
10468,212.86171
10469,435.00949
10470,227.81462
10471,305.12833
10472,302.84549
10473,47.01632
10474,486.51138
10475,119.44033
10476,514.19348
10477,238.98882
10478,355.81790
10479,332.92072
10480,472.96133
10481,330.91525
10482,478.55551
10483,56.82019
10484,519.20154
10485,120.73419
10486,474.82626
10487,205.42055
10488,403.47626
10489,170.05421
10490,274.75742
10491,214.47797
10492,258.34238
10493,315.67953
10494,305.20789
10495,169.10759
10496,571.85095
10497,63.72201
10498,660.76697
10499,56.91648
10500,763.37854
10501,218.01166
10502,652.05096
10503,251.87537
10504,377.68668
10505,384.63226
10506,294.95160
10507,329.13605
10508,272.05731
10509,483.24222
10510,53.05656
10511,720.69916
10512,17.85987
10513,559.25922
10514,190.76060
10515,125.36185
10516,541.39886
10517,104.58057
10518,518.12006
10519,230.91693
10520,308.90240
10521,332.89456
10522,275.04202
10523,180.78087
10524,460.67545
10525,165.29453
10526,524.11389
10527,122.56747
10528,653.15863
10529,77.34647
10530,495.25479
10531,234.97847
10532,253.54129
10533,380.05515
10534,100.11217
10535,364.75830
10536,316.24554
10537,233.49489
10538,248.76874
10539,414.60022
10540,99.07289
10541,336.52014
10542,183.61862
10543,518.87762
10544,100.05803
10545,521.76868
10546,81.45171
10547,482.00540
10548,201.89572
10549,245.14389
10550,301.46829
10551,230.03827
10552,324.38370
10553,457.12436
10554,142.86716
10555,422.45755
10556,210.55632
10557,348.11603
10558,225.00591
10559,319.96048
10560,398.16129
10561,51.09594
10562,611.50928
10563,48.81182
10564,460.65063
10565,148.18826
10566,408.57037
10567,288.98718
10568,391.08954
10569,410.68961
10570,294.78564
10571,317.11047
10572,285.87982
10573,361.93973
10574,146.01588
10575,255.72330
10576,342.63904
10577,227.32982
10578,257.13937
10579,253.23305
10580,460.37259
10581,169.16611
10582,168.28470
10583,505.42404
10584,4.08914
10585,631.98987
10586,118.05726
10587,299.88693
10588,322.77701
10589,378.40097
10590,318.30374
10591,387.90488
10592,219.94055
10593,238.54495
10594,533.21948
10595,118.78322
10596,454.59766
10597,169.43425
10598,466.98462
10599,307.04398
10600,270.19858
10601,171.83698
10602,416.95569
10603,14.20547
10604,613.42041
10605,145.78139
10606,251.38315
10607,618.70435
10608,-72.95605
10609,722.77533
10610,71.67166
10611,533.90472
10612,370.59586
10613,292.48230
10614,298.31470
10615,251.89192
10616,115.33074
10617,449.96115
10618,183.53021
10619,550.21094
10620,87.22447
10621,425.29636
10622,328.88391
10623,208.79332
10624,471.91998
10625,15.90458
10626,389.83340
10627,405.91684
10628,231.56752
10629,493.78644
10630,174.61151
10631,303.67578
10632,520.22180
10633,7.52902
10634,416.25064
10635,249.61836
10636,161.89433
10637,385.41284
10638,168.93207
10639,354.15610
10640,163.90366
10641,397.85492
10642,130.09344
10643,267.53125
10644,383.55472
10645,84.05470
10646,544.80396
10647,146.22052
10648,309.77240
10649,203.09274
10650,393.98688
10651,358.71677
10652,335.63797
10653,313.43375
10654,216.21361
10655,347.24197
10656,249.11053
10657,186.09283
10658,467.24622
10659,-22.96788
10660,356.83572
10661,324.70740
10662,288.15488
10663,477.12564
10664,219.43123
10665,476.93939
10666,171.12663
10667,568.24622
10668,119.09875
10669,431.43848
10670,284.56424
10671,419.36578
10672,292.29745
10673,467.93475
10674,241.14912
10675,490.94232
10676,215.32298
10677,571.61908
10678,106.29735
10679,655.63635
10680,46.87669
10681,641.23944
10682,62.35090
10683,586.47632
10684,233.51857
10685,335.33472
10686,338.79459
10687,251.02745
10688,204.33134
10689,376.48206
10690,222.33777
10691,334.40356
10692,403.38568
10693,89.38718
10694,607.59784
10695,51.06334
10696,327.70807
10697,169.53960
10698,377.21445
10699,371.56912
10700,253.50996
10701,341.10754
10702,140.85054
10703,656.48438
10704,-77.29396
10705,419.41922
10706,120.81987
10707,564.33118
10708,116.81091
10709,436.90918
10710,117.91306
10711,513.01740
10712,271.51715
10713,420.10544
10714,389.95508
10715,346.06042
10716,564.76459
10717,36.22583
10718,541.36768
10719,264.81461
10720,480.53787
10721,252.36517
10722,396.20093
10723,136.36856
10724,611.05322
10725,23.68341
10726,750.19385
10727,65.64025
10728,561.67334
10729,223.00865
10730,502.52408
10731,502.48486
10732,251.14954
10733,584.80524
10734,44.37919
10735,587.51483
10736,208.91066
10737,451.57007
10738,265.00031
10739,177.48976
10740,241.12657
10741,358.82129
10742,113.82140
10743,446.39197
10744,394.17926
10745,158.10344
10746,494.01834
10747,70.63624
10748,289.59891
10749,598.34320
10750,64.05560
10751,556.27271
10752,120.56388
10753,495.88898
10754,171.04391
10755,374.01773
10756,171.44191
10757,366.72287
10758,182.06427
10759,648.29590
10760,115.80078
10761,641.38214
10762,116.56747
10763,632.17450
10764,125.12948
10765,638.05920
10766,198.05838
10767,462.30524
10768,185.66989
10769,470.95587
10770,341.24994
10771,472.24857
10772,207.47597
10773,730.77960
10774,-10.96522
10775,721.38513
10776,282.94818
10777,561.43573
10778,315.12299
10779,451.22772
10780,296.10858
10781,589.47290
10782,101.60637
10783,828.95807
10784,200.96483
10785,596.67310
10786,234.44281
10787,412.62482
10788,433.38251
10789,521.16528
10790,94.42250
10791,625.53156
10792,215.32549
10793,409.85776
10794,411.64642
10795,323.52148
10796,501.65585
10797,271.84299
10798,524.30762
10799,266.74365
10800,542.12268
10801,324.15015
10802,606.38031
10803,152.72020
10804,768.23285
10805,263.71497
10806,509.45657
10807,403.53619
10808,274.99045
10809,421.93402
10810,574.23914
10811,29.26663
10812,482.33112
10813,432.22379
10814,420.80295
10815,408.09845
10816,507.86368
10817,289.23428
10818,679.62396
10819,157.70518
10820,603.55701
10821,317.02020
10822,480.30707
10823,254.56537
10824,805.60535
10825,161.93263
10826,658.81409
10827,428.94574
10828,313.82458
10829,491.08337
10830,392.88058
10831,505.12625
10832,243.39783
10833,776.92188
10834,114.58686
10835,743.56921
10836,193.68945
10837,511.70026
10838,184.80479
10839,603.65588
10840,117.05703
10841,577.47473
10842,340.53732
10843,293.61179
10844,560.20038
10845,446.07010
10846,101.91579
10847,815.22211
10848,113.47856
10849,629.28766
10850,373.04346
10851,456.08978
10852,607.73395
10853,273.14453
10854,835.41083
10855,394.11432
10856,351.62180
10857,607.30219
10858,263.30319
10859,375.14194
10860,467.44772
10861,509.74307
10862,379.05252
10863,772.59918
10864,356.72571
10865,434.29645
10866,710.68292
10867,303.12683
10868,641.39355
10869,592.98059
10870,454.39349
10871,650.44379
10872,432.34805
10873,361.01367
10874,584.44574
10875,384.26013
10876,533.91791
10877,363.84366
10878,278.66373
10879,530.71692
10880,539.31219
10881,189.59189
10882,537.97253
10883,346.41785
10884,582.74146
10885,187.42966
10886,665.32220
10887,365.40366
10888,563.91119
10889,361.13269
10890,255.17355
10891,491.07309
10892,500.86826
10893,190.26918
10894,667.23956
10895,201.03540
10896,601.18744
10897,294.15918
10898,525.99255
10899,466.67670
10900,562.49329
10901,327.23349
10902,606.00360
10903,328.85098
10904,640.03516
10905,239.14644
10906,883.20880
10907,-17.81452
10908,824.98877
10909,206.57167
10910,599.94135
10911,512.79126
10912,291.51730
10913,811.05463
10914,157.56024
10915,711.39471
10916,306.53366
10917,499.65158
10918,468.73019
10919,345.43433
10920,372.23178
10921,374.44684
10922,520.81140
10923,654.33856
10924,133.44817
10925,1029.14246
10926,76.48435
10927,421.02567
10928,727.48035
10929,-6.67339
10930,825.63287
10931,51.82073
10932,770.45032
10933,217.89247
10934,655.06134
10935,289.07953
10936,583.77301
10937,591.54089
10938,290.36920
10939,727.62012
10940,162.01564
10941,684.61304
10942,379.11710
10943,141.87672
10944,448.04684
10945,586.08392
10946,37.17529
10947,617.87311
10948,430.78787
10949,128.34705
10950,803.66455
10951,200.66510
10952,596.69208
10953,340.51321
10954,443.05060
10955,609.53906
10956,166.25423
10957,520.01263
10958,347.37265
10959,483.17203
10960,555.86517
10961,289.22925
10962,581.71887
10963,360.49261
10964,594.76086
10965,365.95639
10966,614.02991
10967,528.07666
10968,242.26733
10969,677.58136
10970,148.34618
10971,613.04968
10972,427.37061
10973,282.17426
10974,541.60541
10975,337.86600
10976,452.84601
10977,418.20917
10978,466.38510
10979,402.74365
10980,403.90732
10981,311.51471
10982,671.56995
10983,20.97018
10984,811.02136
10985,155.38156
10986,758.94843
10987,354.43845
10988,283.78116
10989,700.87714
10990,50.34958
10991,784.54669
10992,250.04483
10993,519.55652
10994,462.73499
10995,305.74094
10996,448.25299
10997,625.25079
10998,17.46542
10999,857.27509
11000,189.89175
11001,611.86261
11002,563.05194
11003,424.27530
11004,561.75610
11005,382.86484
11006,463.25082
11007,421.99866
11008,556.12482
11009,309.39417
11010,393.47299
11011,760.14771
11012,-14.73795
11013,771.11774
11014,172.87137
11015,658.82086
11016,411.69626
11017,533.54285
11018,310.44882
11019,380.92819
11020,652.88318
11021,80.51092
11022,703.21631
11023,121.16113
11024,513.88019
11025,381.44482
11026,525.70544
11027,159.14778
11028,526.93469
11029,303.53333
11030,485.10562
11031,423.69193
11032,309.43478
11033,478.13080
11034,171.06050
11035,370.95743
11036,587.10864
11037,189.94456
11038,322.54526
11039,648.79150
11040,134.27530
11041,893.26831
11042,223.54103
11043,472.74301
11044,524.36353
11045,195.68993
11046,597.08545
11047,127.31763
11048,449.95932
11049,411.32944
11050,288.50208
11051,670.78931
11052,93.52265
11053,520.83875
11054,376.53635
11055,408.61401
11056,553.03259
11057,385.92670
11058,566.05243
11059,515.01123
11060,371.48053
11061,517.51703
11062,235.79396
11063,616.70209
11064,385.40775
11065,408.30435
11066,488.88654
11067,124.89618
11068,402.08990
11069,607.48126
11070,343.57166
11071,247.88588
11072,668.51343
11073,61.93249
11074,669.62408
11075,236.57892
11076,549.91919
11077,551.19568
11078,267.26349
11079,593.73676
11080,198.62794
11081,797.66803
11082,-11.05474
11083,853.85590
11084,234.17311
11085,223.82434
11086,548.31476
11087,495.38220
11088,378.80942
11089,493.25098
11090,270.98584
11091,278.44919
11092,431.99738
11093,196.85448
11094,413.58029
11095,355.61301
11096,458.92349
11097,296.84332
11098,548.08282
11099,313.17249
11100,449.21826
11101,485.74631
11102,217.60706
11103,652.43060
11104,149.66127
11105,280.49899
11106,397.73401
11107,549.88434
11108,290.02087
11109,437.50876
11110,454.68207
11111,150.33258
11112,479.01337
11113,337.48502
11114,316.77582
11115,342.78558
11116,424.01291
11117,231.47618
11118,659.83948
11119,88.13725
11120,695.68097
11121,269.17935
11122,85.12317
11123,699.69757
11124,111.99577
11125,349.91592
11126,407.67133
11127,296.37659
11128,673.90472
11129,214.44991
11130,508.11328
11131,163.94258
11132,223.41182
11133,609.72809
11134,179.37614
11135,448.17191
11136,417.88495
11137,493.46097
11138,158.36015
11139,640.26202
11140,216.93398
11141,611.51410
11142,102.06996
11143,720.28955
11144,54.35604
11145,625.68970
11146,407.30927
11147,312.31094
11148,270.39810
11149,394.19043
11150,375.14279
11151,237.97791
11152,342.58163
11153,253.93427
11154,435.95303
11155,408.66138
11156,39.90523
11157,842.27167
11158,113.84098
11159,631.69745
11160,188.01141
11161,374.12799
11162,421.91516
11163,301.24078
11164,391.93698
11165,383.50357
11166,194.24516
11167,378.26151
11168,155.86896
11169,500.14825
11170,243.63115
11171,228.89403
11172,585.63348
11173,399.03473
11174,578.81122
11175,352.72470
11176,110.05798
11177,366.39566
11178,155.93486
11179,547.82703
11180,96.60978
11181,403.88852
11182,227.90178
11183,362.74905
11184,163.90057
11185,492.81888
11186,219.05479
11187,488.40552
11188,280.10287
11189,357.77032
11190,309.38440
11191,143.98773
11192,528.78699
11193,343.02762
11194,187.28552
11195,362.82837
11196,238.39719
11197,431.22903
11198,358.96744
11199,317.40408
11200,284.38251
11201,489.33044
11202,190.81300
11203,286.33334
11204,463.17822
11205,74.55549
11206,652.61157
11207,97.57534
11208,389.65952
11209,272.64392
11210,300.10257
11211,511.97891
11212,133.73810
11213,598.21124
11214,86.17963
11215,396.98291
11216,314.11972
11217,309.31863
11218,191.40413
11219,588.38544
11220,4.86985
11221,595.82324
11222,76.69555
11223,588.70142
11224,112.16161
11225,536.01935
11226,430.96625
11227,-17.99924
11228,707.99310
11229,42.20935
11230,301.68564
11231,597.88312
11232,120.60766
11233,534.09149
11234,270.36005
11235,225.68362
11236,296.11185
11237,470.41916
11238,53.22332
11239,461.16641
11240,307.08755
11241,95.09444
11242,512.49420
11243,427.07571
11244,38.39569
11245,737.09229
11246,3.94443
11247,557.99475
11248,260.37601
11249,286.85413
11250,453.90253
11251,315.97763
11252,254.11098
11253,459.06390
11254,176.08633
11255,506.84222
11256,148.24884
11257,442.53619
11258,119.01780
11259,370.23834
11260,235.18138
11261,414.33978
11262,308.09311
11263,125.08688
11264,672.81281
11265,40.07631
11266,662.09961
11267,53.97320
11268,624.66113
11269,133.62534
11270,438.59009
11271,434.73788
11272,101.33979
11273,346.32373
11274,477.01505
11275,140.24953
11276,603.17627
11277,-27.45238
11278,590.62207
11279,200.84743
11280,402.44904
11281,142.02663
11282,282.48785
11283,356.09131
11284,160.40247
11285,257.08179
11286,384.25592
11287,236.13354
11288,341.20038
11289,266.20380
11290,290.06696
11291,203.65790
11292,397.58173
11293,127.92545
11294,520.75787
11295,5.32990
11296,404.76877
11297,379.72684
11298,224.34293
11299,249.26236
11300,438.88766
11301,202.68742
11302,300.69693
11303,300.01477
11304,147.08420
11305,537.56549
11306,15.56467
11307,448.66748
11308,414.90341
11309,109.45997
11310,541.58801
11311,-63.96726
11312,385.25864
11313,345.91998
11314,180.21788
11315,343.54904
11316,335.33438
11317,188.64995
11318,328.11819
11319,354.85928
11320,177.64040
11321,202.99928
11322,516.08252
11323,173.87666
11324,184.98079
11325,525.61090
11326,19.19357
11327,700.09454
11328,-13.17281
11329,559.33398
11330,245.95845
11331,427.56549
11332,296.40817
11333,122.94950
11334,516.71808
11335,106.47014
11336,232.79526
11337,529.47900
11338,107.62682
11339,625.00995
11340,63.35206
11341,571.19879
11342,138.13182
11343,576.52020
11344,189.33563
11345,572.50952
11346,88.68049
11347,524.11127
11348,196.37985
11349,405.77283
11350,118.50936
11351,679.43860
11352,54.47776
11353,456.00073
11354,278.00140
11355,269.93121
11356,522.25922
11357,64.41241
11358,613.66638
11359,62.33451
11360,518.84052
11361,77.24159
11362,298.21286
11363,203.09026
11364,446.80701
11365,217.89420
11366,258.33575
11367,298.95999
11368,156.07172
11369,332.50644
11370,137.85783
11371,361.77344
11372,219.08920
11373,160.50563
11374,278.92282
11375,381.30008
11376,281.11752
11377,173.99008
11378,401.62271
11379,82.58759
11380,463.97714
11381,117.75490
11382,260.99741
11383,302.37454
11384,236.03101
11385,365.41983
11386,3.15775
11387,493.78229
11388,258.88028
11389,268.49030
11390,91.27569
11391,447.66037
11392,148.20457
11393,216.18811
11394,249.48677
11395,268.33133
11396,284.51801
11397,119.48962
11398,455.01315
11399,187.96237
11400,212.86555
11401,313.68665
11402,158.30394
11403,638.62567
11404,18.12094
11405,684.29102
11406,99.22628
11407,372.89441
11408,527.40668
11409,-17.30061
11410,624.12396
11411,255.65605
11412,179.41496
11413,590.00354
11414,-29.75952
11415,621.04388
11416,53.28899
11417,345.10641
11418,294.06543
11419,137.67551
11420,576.35004
11421,-13.21640
11422,657.68677
11423,57.07327
11424,383.08789
11425,485.97809
11426,14.23480
11427,677.49097
11428,16.33537
11429,321.49762
11430,455.05029
11431,12.35886
11432,487.04947
11433,34.16283
11434,374.03784
11435,401.73114
11436,35.37240
11437,739.40143
11438,-46.49407
11439,612.02600
11440,260.91492
11441,263.60120
11442,691.73010
11443,-65.58750
11444,408.61050
11445,379.99597
11446,145.46367
11447,413.96878
11448,89.31921
11449,405.04037
11450,210.36824
11451,246.21503
11452,97.69260
11453,340.48694
11454,92.40863
11455,478.86395
11456,99.09876
11457,397.20990
11458,184.71709
11459,277.69885
11460,194.91269
11461,223.32228
11462,326.83707
11463,146.58856
11464,425.30127
11465,-14.19275
11466,618.19196
11467,68.51894
11468,261.70828
11469,483.86819
11470,-48.87368
11471,533.78839
11472,152.19572
11473,158.03912
11474,299.89685
11475,381.58163
11476,76.40208
11477,351.76492
11478,194.69363
11479,337.33588
11480,147.35760
11481,271.29910
11482,284.50751
11483,200.92107
11484,147.73720
11485,349.59412
11486,125.30633
11487,305.68134
11488,173.23784
11489,332.58157
11490,332.32462
11491,151.18427
11492,209.58238
11493,242.30626
11494,90.66676
11495,475.82983
11496,43.53635
11497,392.54095
11498,237.39337
11499,-16.06577
11500,602.15155
11501,45.96762
11502,406.65558
11503,564.28833
11504,1.03857
11505,661.16663
11506,36.48947
11507,665.89758
11508,158.87927
11509,261.65115
11510,409.27502
11511,124.45478
11512,316.70050
11513,308.66479
11514,12.77402
11515,659.34662
11516,22.97227
11517,421.17303
11518,322.63632
11519,90.81295
11520,462.36258
11521,131.06781
11522,276.32425
11523,355.44238
11524,52.60609
11525,561.75220
11526,92.03084
11527,307.38461
11528,39.12790
11529,356.55377
11530,473.38269
11531,-68.34250
11532,705.64301
11533,82.42335
11534,316.97778
11535,445.13315
11536,-46.75069
11537,649.08380
11538,114.58784
11539,372.17633
11540,181.49858
11541,163.07809
11542,283.62567
11543,163.70609
11544,422.75061
11545,272.69714
11546,132.61644
11547,267.23328
11548,154.41379
11549,354.09229
11550,169.12050
11551,342.04608
11552,104.59402
11553,380.47748
11554,202.87289
11555,415.44128
11556,163.21664
11557,212.99486
11558,252.06050
11559,202.24251
11560,225.95496
11561,-37.07013
11562,550.26270
11563,237.35498
11564,260.00195
11565,353.13989
11566,126.38740
11567,264.13278
11568,254.06406
11569,200.17091
11570,484.66861
11571,82.36378
11572,263.92215
11573,197.39255
11574,172.52528
11575,258.10834
11576,332.22705
11577,182.12355
11578,323.49997
11579,381.53531
11580,-32.94983
11581,682.00275
11582,25.57075
11583,467.91257
11584,124.35574
11585,351.72314
11586,373.98740
11587,13.30674
11588,574.28711
11589,153.90752
11590,93.99758
11591,185.34296
11592,451.62048
11593,49.71564
11594,325.16010
11595,178.31268
11596,272.16818
11597,21.90930
11598,438.81461
11599,5.96617
11600,390.21878
11601,234.64999
11602,224.45064
11603,402.14670
11604,110.99390
11605,557.18671
11606,-23.27885
11607,332.59665
11608,138.87750
11609,127.97804
11610,139.95108
11611,434.77277
11612,74.95660
11613,288.14502
11614,171.30443
11615,189.92871
11616,292.31723
11617,369.67960
11618,186.68779
11619,149.04486
11620,234.70445
11621,295.72095
11622,232.88362
11623,254.00168
11624,211.23715
11625,123.67241
11626,308.58313
11627,20.49224
11628,300.43402
11629,99.95609
11630,191.63692
11631,402.62247
11632,-24.36174
11633,404.03329
11634,258.30038
11635,51.14937
11636,391.55359
11637,85.75914
11638,238.38742
11639,114.32201
11640,347.38950
11641,118.71999
11642,248.82353
11643,182.03667
11644,321.07434
11645,32.16398
11646,440.73425
11647,134.87399
11648,233.86925
11649,399.44269
11650,25.14719
11651,407.10446
11652,93.81436
11653,209.34697
11654,137.95229
11655,274.09930
11656,29.72717
11657,277.40894
11658,200.79559
11659,193.45718
11660,375.13672
11661,9.67132
11662,235.87901
11663,280.56500
11664,30.34010
11665,166.09787
11666,412.09659
11667,23.81760
11668,421.19876
11669,91.64394
11670,314.16714
11671,334.82846
11672,-1.11534
11673,292.17404
11674,285.78745
11675,-20.62842
11676,278.02777
11677,329.76843
11678,39.17792
11679,628.55103
11680,-10.80632
11681,213.08960
11682,476.24207
11683,-19.78584
11684,391.33673
11685,201.75540
11686,25.46276
11687,323.95975
11688,75.41912
11689,208.15051
11690,314.15607
11691,54.05099
11692,358.50900
11693,48.11283
11694,345.37549
11695,30.61411
11696,168.41577
11697,197.36334
11698,289.71262
11699,96.30262
11700,330.36743
11701,99.38203
11702,250.33382
11703,346.44824
11704,-13.66116
11705,292.22986
11706,310.58163
11707,133.86020
11708,59.40998
11709,415.57529
11710,-2.55167
11711,266.60629
11712,339.22284
11713,47.85228
11714,246.97134
11715,184.07530
11716,127.24466
11717,291.32864
11718,165.10173
11719,58.45380
11720,448.51871
11721,38.81660
11722,92.38871
11723,537.70526
11724,122.43502
11725,44.87959
11726,448.39694
11727,53.11061
11728,158.98051
11729,279.79483
11730,-36.30283
11731,418.13458
11732,205.87474
11733,50.48301
11734,407.33359
11735,99.96671
11736,157.26897
11737,355.99170
11738,-24.77994
11739,388.95200
11740,108.92313
11741,177.17677
11742,291.24866
11743,157.25414
11744,155.54892
11745,101.54659
11746,326.43195
11747,57.24537
11748,185.90247
11749,330.45740
11750,81.15269
11751,129.65663
11752,301.25079
11753,2.00583
11754,262.72958
11755,177.08128
11756,22.08616
11757,538.88391
11758,39.38120
11759,193.55263
11760,497.56137
11761,-73.48348
11762,342.49207
11763,334.67477
11764,-43.52759
11765,531.63562
11766,-11.89999
11767,381.00775
11768,356.21591
11769,13.37846
11770,479.64978
11771,6.14558
11772,127.28825
11773,330.36612
11774,82.34429
11775,143.89931
11776,523.20941
11777,-60.84505
11778,352.46735
11779,139.15627
11780,165.67450
11781,206.75313
11782,156.05916
11783,180.51079
11784,199.81332
11785,147.69530
11786,92.75137
11787,348.91037
11788,31.52368
11789,298.67709
11790,147.05037
11791,-11.87254
11792,402.10464
11793,158.04576
11794,14.77082
11795,321.39160
11796,202.16385
11797,-12.41732
11798,359.76230
11799,117.70927
11800,100.33921
11801,266.53177
11802,304.69833
11803,8.64703
11804,371.35718
11805,17.50807
11806,217.40857
11807,306.69540
11808,31.32070
11809,378.10373
11810,69.83803
11811,57.56989
11812,310.68909
11813,63.38351
11814,44.65422
11815,384.47855
11816,96.50420
11817,198.01857
11818,358.69730
11819,-54.20991
11820,276.86316
11821,251.92142
11822,-71.58286
11823,395.06223
11824,247.73456
11825,0.31813
11826,360.39178
11827,-0.97386
11828,266.02444
11829,200.94591
11830,88.62676
11831,247.83435
11832,63.37807
11833,158.03561
11834,232.21448
11835,70.36665
11836,155.87888
11837,342.95453
11838,-43.01925
11839,327.18454
11840,268.42377
11841,-25.26937
11842,326.94608
11843,219.75325
11844,-42.82549
11845,210.89366
11846,353.42184
11847,10.12520
11848,296.63895
11849,52.33044
11850,144.68411
11851,371.03848
11852,-21.17254
11853,181.07816
11854,421.01498
11855,7.63695
11856,106.36636
11857,215.97423
11858,137.93021
11859,213.84982
11860,128.44093
11861,133.00183
11862,193.61053
11863,63.17216
11864,161.69458
11865,224.78653
11866,121.15591
11867,227.39388
11868,109.37617
11869,112.16337
11870,191.38957
11871,-8.61178
11872,348.17514
11873,87.60646
11874,200.31874
11875,345.39630
11876,-13.84539
11877,79.98621
11878,376.89035
11879,13.06361
11880,149.01451
11881,360.95148
11882,113.74567
11883,68.74206
11884,285.17038
11885,103.15261
11886,130.03961
11887,360.64679
11888,-70.51028
11889,317.24704
11890,260.09680
11891,-62.68018
11892,372.24283
11893,214.68086
11894,46.59893
11895,241.01770
11896,71.05464
11897,58.55663
11898,290.26880
11899,175.69722
11900,-28.82668
11901,192.23517
11902,249.80930
11903,96.74071
11904,157.70482
11905,211.68593
11906,84.27119
11907,167.52960
11908,207.87718
11909,109.45546
11910,40.19067
11911,192.11615
11912,240.47542
11913,-39.60918
11914,353.19574
11915,197.98024
11916,-10.16373
11917,291.35544
11918,233.01175
11919,122.21687
11920,-24.49065
11921,331.81912
11922,136.17790
11923,109.12271
11924,282.67206
11925,-21.64797
11926,275.72971
11927,122.61761
11928,129.35443
11929,193.11452
11930,201.03658
11931,46.29551
11932,10.46140
11933,127.24925
11934,258.28790
11935,-35.18637
11936,199.10593
11937,266.10092
11938,94.13799
11939,42.86802
11940,166.85289
11941,316.80826
11942,113.23106
11943,160.29965
11944,10.86638
11945,62.79702
11946,251.02513
11947,59.27693
11948,57.91568
11949,375.57642
11950,260.92584
11951,-33.76770
11952,231.90370
11953,161.02931
11954,-5.85934
11955,123.24223
11956,215.10065
11957,278.63110
11958,4.72579
11959,189.25201
11960,103.58742
11961,242.28181
11962,166.99036
11963,19.87168
11964,219.07228
11965,60.53804
11966,11.62507
11967,208.73810
11968,141.24617
11969,128.50589
11970,187.38472
11971,150.89209
11972,205.65005
11973,27.00862
11974,316.63977
11975,-30.84438
11976,183.48775
11977,253.79343
11978,-46.40720
11979,187.60715
11980,316.21625
11981,-16.84134
11982,318.48996
11983,140.81651
11984,-9.32112
11985,290.70367
11986,176.48442
11987,-26.85817
11988,263.54016
11989,160.40010
11990,102.15194
11991,224.71475
11992,91.51952
11993,37.47511
11994,176.06316
11995,32.00327
11996,183.74712
11997,219.89375
11998,128.49437
11999,161.33369
12000,76.57670
12001,146.81989
12002,146.51396
12003,25.44802
12004,147.43225
12005,263.88324
12006,-32.64491
12007,248.40347
12008,239.16335
12009,15.21254
12010,190.50369
12011,40.07309
12012,73.19254
12013,257.79086
12014,-50.72835
12015,242.15900
12016,401.35660
12017,-59.64987
12018,453.24673
12019,217.10567
12020,-65.68226
12021,384.26468
12022,121.46287
12023,24.93311
12024,461.66681
12025,61.08717
12026,65.44818
12027,265.28986
12028,157.03368
12029,-13.01423
12030,345.33185
12031,211.58618
12032,-37.04131
12033,315.28375
12034,63.34697
12035,83.93719
12036,346.18552
12037,-7.67011
12038,192.76859
12039,242.78845
12040,-20.96136
12041,113.99046
12042,259.05820
12043,61.59689
12044,11.09747
12045,213.48882
12046,135.10550
12047,126.57417
12048,156.37927
12049,51.79975
12050,220.53424
12051,170.51053
12052,-26.28842
12053,377.09003
12054,123.17525
12055,17.64844
12056,81.55775
12057,145.68935
12058,184.25026
12059,50.83651
12060,79.34923
12061,3.37884
12062,190.86172
12063,122.50909
12064,-25.79015
12065,230.21294
12066,334.78375
12067,-4.71264
12068,156.05682
12069,38.44876
12070,82.50897
12071,237.95654
12072,166.99068
12073,153.01459
12074,197.91402
12075,13.96558
12076,83.04916
12077,72.81483
12078,-8.06649
12079,132.33525
12080,259.34402
12081,113.75915
12082,31.06800
12083,210.49995
12084,210.21094
12085,-4.33794
12086,151.46161
12087,162.75470
12088,63.64688
12089,61.41812
12090,-0.80579
12091,139.76382
12092,331.22614
12093,16.14614
12094,40.93604
12095,210.82390
12096,126.29945
12097,64.10921
12098,201.26193
12099,62.72057
12100,39.24546
12101,108.72843
12102,51.78167
12103,129.70770
12104,339.86447
12105,63.19565
12106,159.21046
12107,154.43367
12108,-2.80408
12109,81.95995
12110,66.82310
12111,74.52012
12112,201.92705
12113,131.30141
12114,47.69677
12115,300.69598
12116,24.15210
12117,35.30982
12118,166.14752
12119,144.65431
12120,-30.58958
12121,171.51315
12122,329.73199
12123,91.19169
12124,121.69314
12125,101.07637
12126,75.90720
12127,125.26191
12128,0.01917
12129,184.72598
12130,182.97559
12131,-33.34016
12132,178.84319
12133,107.79000
12134,210.39412
12135,287.49820
12136,-29.71086
12137,70.41820
12138,148.36269
12139,-14.95601
12140,168.05183
12141,202.09802
12142,46.39990
12143,312.53818
12144,11.85357
12145,96.79206
12146,194.64647
12147,-30.29039
12148,87.13915
12149,192.65878
12150,141.07988
12151,140.21021
12152,122.57072
12153,114.10533
12154,44.25904
12155,96.55198
12156,105.01012
12157,138.24890
12158,177.28230
12159,63.47864
12160,24.28043
12161,252.79712
12162,92.44277
12163,121.86784
12164,97.91063
12165,15.16292
12166,157.95285
12167,56.66483
12168,-26.16907
12169,129.91397
12170,225.77263
12171,-17.52818
12172,186.62015
12173,272.20764
12174,131.85391
12175,184.60558
12176,4.69004
12177,110.15250
12178,4.69163
12179,51.34170
12180,84.56527
12181,186.76045
12182,66.75958
12183,209.58626
12184,162.39346
12185,-6.07297
12186,49.88374
12187,190.45999
12188,69.84452
12189,187.44232
12190,128.37221
12191,21.01565
12192,227.61684
12193,39.09031
12194,-22.62148
12195,218.32092
12196,195.23895
12197,39.03791
12198,189.89680
12199,41.53987
12200,89.57973
12201,39.65496
12202,-5.08989
12203,12.32282
12204,225.47437
12205,99.65943
12206,149.04935
12207,199.04210
12208,256.44531
12209,105.35452
12210,-15.28136
12211,10.93887
12212,23.96484
12213,90.44778
12214,79.96242
12215,118.73066
12216,297.43063
12217,196.84586
12218,84.86009
12219,142.50577
12220,61.77816
12221,-8.84743
12222,45.22814
12223,99.70918
12224,41.07418
12225,239.20869
12226,143.48785
12227,118.74639
12228,264.64081
12229,34.97435
12230,-5.64718
12231,179.17474
12232,65.70647
12233,0.56493
12234,229.09267
12235,80.63807
12236,179.24863
12237,277.39114
12238,-13.78165
12239,56.61561
12240,126.07968
12241,-16.34887
12242,117.84293
12243,114.46238
12244,134.30975
12245,164.96283
12246,34.72157
12247,240.91795
12248,52.66911
12249,68.51175
12250,23.29909
12251,94.98615
12252,106.80778
12253,136.41228
12254,7.62247
12255,318.85236
12256,156.82732
12257,-48.13634
12258,110.86631
12259,146.46982
12260,24.31563
12261,248.62085
12262,164.19318
12263,54.34106
12264,214.44133
12265,13.00359
12266,-12.66076
12267,92.46854
12268,156.04112
12269,-32.64856
12270,215.15880
12271,202.52756
12272,-5.13100
12273,269.15671
12274,102.45792
12275,17.28845
12276,173.86626
12277,9.17990
12278,19.00156
12279,162.51823
12280,18.93763
12281,52.30695
12282,254.30782
12283,111.67175
12284,137.87384
12285,145.58600
12286,35.59392
12287,22.70717
12288,145.76506
12289,85.22053
12290,7.88499
12291,268.84897
12292,161.68370
12293,103.91775
12294,73.65820
12295,61.61829
12296,11.07321
12297,110.55611
12298,62.82145
12299,50.76612
12300,23.67082
12301,122.67420
12302,44.34808
12303,65.17754
12304,184.77133
12305,13.39611
12306,95.25777
12307,29.55302
12308,77.64887
12309,199.00360
12310,56.79877
12311,31.98612
12312,172.46976
12313,118.42170
12314,-5.14197
12315,93.10954
12316,136.31972
12317,63.55587
12318,82.45786
12319,91.11612
12320,112.38638
12321,161.32819
12322,79.53470
12323,29.12723
12324,119.76849
12325,-0.20257
12326,63.82712
12327,83.47148
12328,165.39565
12329,62.04116
12330,121.94635
12331,139.25191
12332,83.60079
12333,-3.67480
12334,88.98443
12335,44.31793
12336,58.34732
12337,26.28552
12338,190.40335
12339,175.87614
12340,95.85232
12341,72.68069
12342,104.52399
12343,69.76021
12344,9.46449
12345,16.75870
12346,21.53389
12347,171.47578
12348,61.16992
12349,-16.33808
12350,172.49863
12351,250.38818
12352,31.92046
12353,31.72215
12354,191.69960
12355,49.01434
12356,48.99018
12357,39.08372
12358,41.51838
12359,149.17238
12360,36.03695
12361,19.03366
12362,159.23698
12363,177.29977
12364,2.25863
12365,140.61263
12366,112.43314
12367,52.83523
12368,7.27532
12369,121.29845
12370,106.27454
12371,93.62275
12372,105.17232
12373,70.05358
12374,72.35114
12375,95.88503
12376,53.33993
12377,58.48373
12378,196.43938
12379,10.83590
12380,107.88554
12381,143.99072
12382,-11.04883
12383,110.10736
12384,77.80919
12385,54.79575
12386,159.41634
12387,142.04860
12388,-0.29752
12389,86.45948
12390,122.73328
12391,14.29421
12392,-1.94835
12393,73.34943
12394,12.48600
12395,55.79333
12396,208.31444
12397,166.15669
12398,6.73988
12399,166.12906
12400,209.47568
12401,-8.40687
12402,27.22595
12403,96.56246
12404,21.22607
12405,51.90311
12406,147.68977
12407,124.02754
12408,172.20094
12409,91.66420
12410,-1.54153
12411,102.76231
12412,97.48786
12413,13.60635
12414,129.07964
12415,104.59990
12416,34.59659
12417,185.09497
12418,-8.63325
12419,82.84386
12420,118.52683
12421,9.82381
12422,1.09605
12423,30.50215
12424,69.01331
12425,169.44955
12426,30.90810
12427,64.50792
12428,169.94490
12429,101.85417
12430,53.07827
12431,59.92713
12432,93.39179
12433,68.30856
12434,119.81551
12435,42.90416
12436,91.21292
12437,177.60979
12438,12.74523
12439,21.97616
12440,145.12891
12441,61.79620
12442,-1.74570
12443,174.74869
12444,145.55956
12445,-16.37549
12446,104.72459
12447,155.78181
12448,36.01056
12449,54.03374
12450,-1.24058
12451,37.46292
12452,134.84021
12453,16.92968
12454,27.12729
12455,162.48645
12456,108.08123
12457,10.42334
12458,67.88369
12459,102.37057
12460,34.75272
12461,84.03466
12462,106.55878
12463,82.47649
12464,135.42590
12465,89.89908
12466,74.55957
12467,110.10634
12468,45.12079
12469,46.26403
12470,85.01273
12471,109.47076
12472,57.58534
12473,45.31318
12474,139.23920
12475,37.85260
12476,29.15663
12477,93.40030
12478,90.26572
12479,61.71665
12480,1.20048
12481,115.87484
12482,99.94717
12483,42.60552
12484,51.31534
12485,20.38183
12486,12.66024
12487,23.41946
12488,-7.05601
12489,75.74557
12490,135.95969
12491,62.14711
12492,128.64426
12493,148.75844
12494,59.26051
12495,55.85464
12496,20.38395
12497,15.00226
12498,97.49268
12499,34.92878
12500,12.66886
12501,140.24998
12502,132.90503
12503,45.21452
12504,106.40353
12505,47.40178
12506,34.11648
12507,105.08636
12508,23.18137
12509,70.42356
12510,144.58746
12511,85.00101
12512,44.15699
12513,86.56590
12514,86.08160
12515,61.25525
12516,1.37809
12517,41.44511
12518,80.85941
12519,55.27275
12520,54.81415
12521,58.14596
12522,130.72351
12523,73.46037
12524,-9.89975
12525,72.28374
12526,117.44147
12527,65.91961
12528,41.34271
12529,88.01326
12530,83.55617
12531,5.49606
12532,-5.40024
12533,61.40031
12534,50.36568
12535,15.24813
12536,129.99591
12537,125.09894
12538,119.55638
12539,96.27974
12540,90.88101
12541,74.64671
12542,39.67103
12543,-2.70594
12544,46.08640
12545,104.95525
12546,23.27888
12547,15.02608
12548,118.36098
12549,135.01126
12550,20.34408
12551,35.81459
12552,82.44756
12553,103.89873
12554,12.57130
12555,22.18468
12556,101.87834
12557,140.41234
12558,28.32284
12559,48.74693
12560,152.29742
12561,66.74022
12562,-2.17673
12563,6.79614
12564,56.51871
12565,35.18581
12566,-4.56806
12567,63.30275
12568,161.74135
12569,114.85483
12570,53.42881
12571,51.97816
12572,59.40437
12573,33.75809
12574,1.46447
12575,31.68223
12576,138.93271
12577,105.83231
12578,24.97110
12579,122.25729
12580,98.67329
12581,26.77049
12582,1.96926
12583,34.76079
12584,48.20118
12585,50.57290
12586,57.39535
12587,99.20464
12588,112.14628
12589,89.94318
12590,60.27682
12591,69.00443
12592,26.96376
12593,4.15395
12594,29.71009
12595,74.73815
12596,64.44444
12597,45.33477
12598,114.62482
12599,63.50430
12600,21.56277
12601,20.11287
12602,31.25807
12603,74.90963
12604,59.46194
12605,36.79001
12606,75.90155
12607,105.85592
12608,57.87684
12609,72.65223
12610,104.68554
12611,74.27274
12612,24.65514
12613,28.00228
12614,56.05203
12615,50.66413
12616,72.88744
12617,63.72787
12618,103.25219
12619,66.74701
12620,41.45592
12621,41.80767
12622,40.72401
12623,62.61858
12624,76.39011
12625,45.16953
12626,54.11187
12627,97.45519
12628,39.76551
12629,14.52512
12630,22.74052
12631,56.79668
12632,18.28569
12633,55.66933
12634,98.26830
12635,56.63005
12636,58.61671
12637,34.92537
12638,45.32069
12639,83.99902
12640,39.44878
12641,27.38154
12642,85.36608
12643,50.67228
12644,50.63781
12645,76.52173
12646,80.82859
12647,50.88329
12648,21.14739
12649,23.25907
12650,83.62125
12651,53.87236
12652,13.16648
12653,89.21838
12654,126.36700
12655,34.56071
12656,5.58962
12657,102.66442
12658,97.45672
12659,46.83849
12660,8.00913
12661,65.81853
12662,111.15339
12663,41.85592
12664,-8.19380
12665,94.44740
12666,125.00180
12667,35.92245
12668,16.46345
12669,79.26772
12670,75.84724
12671,19.87431
12672,28.68172
12673,82.75352
12674,85.52009
12675,45.45059
12676,43.30154
12677,63.07708
12678,93.95464
12679,39.71402
12680,9.52938
12681,73.01160
12682,75.15910
12683,28.86269
12684,31.53593
12685,76.16969
12686,67.32871
12687,54.31790
12688,54.76278
12689,60.74203
12690,61.97300
12691,45.39635
12692,23.16188
12693,70.86739
12694,45.86190
12695,16.66220
12696,59.23706
12697,71.38458
12698,36.56870
12699,61.21651
12700,59.07922
12701,38.02937
12702,64.53793
12703,40.32985
12704,38.50087
12705,67.05647
12706,39.32744
12707,30.99489
12708,48.93395
12709,54.57550
12710,52.20449
12711,58.63605
12712,59.57509
12713,55.09621
12714,56.09786
12715,44.19769
12716,52.34053
12717,75.55032
12718,49.16020
12719,66.10324
12720,55.30079
12721,17.21067
12722,51.25893
12723,67.08054
12724,43.35512
12725,47.79876
12726,52.78946
12727,58.45910
12728,50.70128
12729,43.64868
12730,38.05219
12731,64.44359
12732,55.11534
12733,20.90077
12734,45.66975
12735,63.07241
12736,47.78203
12737,40.54476
12738,50.92195
12739,65.41518
12740,54.74950
12741,40.18228
12742,35.49294
12743,58.79030
12744,45.98948
12745,44.28583
12746,50.65114
12747,67.42052
12748,62.97658
12749,43.07800
12750,45.51181
12751,48.82430
12752,58.67156
12753,63.83223
12754,43.37143
12755,40.97374
12756,45.36407
12757,42.93579
12758,38.56385
12759,30.47201
12760,23.87401
12761,50.41059
12762,73.79613
12763,59.97884
12764,61.36313
12765,72.48539
12766,48.27644
12767,24.11436
12768,29.69315
12769,16.96887
12770,22.81920
12771,44.38102
12772,51.94975
12773,76.12719
12774,69.11416
12775,62.15025
12776,56.07451
12777,44.43771
12778,32.03527
12779,27.03034
12780,43.55829
12781,38.49607
12782,45.51628
12783,46.34224
12784,48.43769
12785,56.13979
12786,46.41030
12787,43.47540
12788,48.04690
12789,41.52106
12790,31.13901
12791,41.72403
12792,59.40240
12793,64.18346
12794,57.72145
12795,42.48268
12796,36.36028
12797,44.17587
12798,38.39178
12799,36.20142
12800,44.02837
12801,66.45266
12802,59.59733
12803,40.28289
12804,48.86701
12805,52.47143
12806,42.91257
12807,35.91291
12808,33.18003
12809,49.27843
12810,50.12014
12811,54.33165
12812,49.60912
12813,53.11116
12814,44.74389
12815,39.17665
12816,36.89151
12817,41.28349
12818,34.15306
12819,26.80482
12820,41.48079
12821,49.19737
12822,67.65854
12823,38.24952
12824,41.30389
12825,63.31369
12826,23.11019
12827,40.17133
12828,51.35249
12829,34.55596
12830,45.53497
12831,41.49756
12832,41.66098
12833,46.02829
12834,31.25931
12835,48.52102
12836,58.14669
12837,37.54219
12838,32.77234
12839,45.24523
12840,49.16201
12841,48.30000
12842,26.34480
12843,22.73571
12844,43.24276
12845,53.03841
12846,36.47351
12847,56.71862
12848,61.39953
12849,51.52435
12850,55.73133
12851,40.72857
12852,36.58452
12853,44.03920
12854,31.73780
12855,32.53509
12856,43.57294
12857,53.76007
12858,55.80587
12859,54.52292
12860,51.24462
12861,56.20347
12862,41.33677
12863,33.44462
12864,36.55542
12865,27.04497
12866,31.30794
12867,38.03931
12868,46.46616
12869,50.61904
12870,37.95623
12871,51.92702
12872,44.62925
12873,40.34415
12874,34.58857
12875,50.37269
12876,38.04091
12877,36.61614
12878,38.71092
12879,41.00027
12880,47.71967
12881,41.58043
12882,50.10764
12883,55.19740
12884,39.18594
12885,44.74027
12886,40.97732
12887,32.08491
12888,35.80036
12889,24.05013
12890,32.40112
12891,50.25981
12892,39.09969
12893,49.07596
12894,44.60061
12895,41.61046
12896,45.75766
12897,36.89107
12898,41.50097
12899,35.70822
12900,37.62678
12901,37.83108
12902,29.99718
12903,48.39698
12904,45.83805
12905,39.01518
12906,49.64120
12907,47.24216
12908,43.02562
12909,57.30340
12910,44.98065
12911,51.66817
12912,32.24279
12913,21.19951
12914,38.36203
12915,44.29620
12916,44.90949
12917,48.80508
12918,47.35959
12919,50.61551
12920,38.03309
12921,37.14136
12922,32.12766
12923,26.07610
12924,27.31649
12925,31.98048
12926,47.19004
12927,49.38783
12928,45.57678
12929,46.86261
12930,44.24858
12931,39.47618
12932,33.62484
12933,24.72798
12934,27.72501
12935,32.72874
12936,28.36798
12937,34.60425
12938,42.88352
12939,45.44167
12940,47.45330
12941,41.58971
12942,45.69611
12943,47.86179
12944,37.89087
12945,38.85565
12946,39.50523
12947,37.73599
12948,28.24422
12949,34.41227
12950,43.74054
12951,47.23122
12952,45.27193
12953,47.15777
12954,36.08184
12955,29.67554
12956,36.55259
12957,30.13215
12958,35.80972
12959,39.05666
12960,32.10111
12961,37.15348
12962,44.99881
12963,45.49371
12964,44.89777
12965,36.32279
12966,40.11456
12967,31.08342
12968,18.88333
12969,28.22572
12970,29.85192
12971,24.70567
12972,34.19913
12973,40.33981
12974,41.92394
12975,47.52259
12976,35.26449
12977,47.58193
12978,48.73458
12979,27.80152
12980,35.31924
12981,39.88342
12982,32.75119
12983,38.57446
12984,32.50229
12985,38.65642
12986,49.31287
12987,34.59783
12988,34.23371
12989,40.89159
12990,38.21367
12991,29.09896
12992,40.90492
12993,39.21081
12994,35.72748
12995,35.46883
12996,33.28045
12997,35.88813
12998,42.70304
12999,41.98158
13000,35.93118
13001,40.14483
13002,37.67065
13003,36.56857
13004,28.59763
13005,36.73951
13006,29.06096
13007,29.03406
13008,40.19877
13009,34.59821
13010,38.51044
13011,37.49070
13012,34.77893
13013,37.61008
13014,36.62350
13015,32.65266
13016,27.72381
13017,40.25683
13018,29.73518
13019,31.86134
13020,33.04266
13021,30.67006
13022,36.04519
13023,32.67070
13024,33.70937
13025,32.83652
13026,24.83758
13027,31.90018
13028,32.35856
13029,42.96317
13030,44.82764
13031,36.76094
13032,38.10044
13033,41.48923
13034,33.87043
13035,44.23478
13036,37.07488
13037,29.28752
13038,25.43167
13039,28.50271
13040,28.17245
13041,31.02218
13042,29.70443
13043,35.88351
13044,45.37262
13045,42.30017
13046,34.10007
13047,38.43332
13048,34.55198
13049,23.43446
13050,26.25309
13051,31.02912
13052,34.39452
13053,36.44216
13054,33.51701
13055,39.15582
13056,46.57570
13057,36.61813
13058,29.91658
13059,28.16496
13060,21.86745
13061,29.15735
13062,33.76197
13063,33.34446
13064,41.14616
13065,47.31007
13066,34.03733
13067,38.62282
13068,32.68470
13069,27.57132
13070,22.81481
13071,29.27356
13072,25.73747
13073,30.35692
13074,31.57545
13075,32.87422
13076,33.73323
13077,36.05796
13078,28.51380
13079,24.86493
13080,37.43865
13081,28.72844
13082,32.20564
13083,36.50556
13084,39.76455
13085,38.76795
13086,28.02640
13087,35.18178
13088,36.57283
13089,33.58074
13090,29.94497
13091,26.41545
13092,31.87371
13093,29.58116
13094,23.60430
13095,33.36760
13096,36.33033
13097,28.50335
13098,25.79092
13099,33.25443
13100,33.03278
13101,33.59946
13102,32.98427
13103,31.48006
13104,32.79211
13105,34.18344
13106,30.22748
13107,33.65841
13108,33.89486
13109,36.59810
13110,33.80171
13111,34.77200
13112,28.89823
13113,27.10001
13114,34.45448
13115,31.23426
13116,27.62687
13117,26.74792
13118,30.19033
13119,32.73308
13120,30.34111
13121,38.32215
13122,34.20606
13123,33.95031
13124,30.33622
13125,28.46146
13126,27.41013
13127,33.55069
13128,27.56384
13129,35.68981
13130,39.53736
13131,31.24130
13132,33.17237
13133,32.59563
13134,25.91012
13135,33.82307
13136,20.97541
13137,36.68882
13138,30.04549
13139,30.68078
13140,32.11716
13141,32.09114
13142,34.48991
13143,25.55150
13144,27.35061
13145,31.06961
13146,29.11958
13147,18.54624
13148,31.34715
13149,32.00154
13150,32.73336
13151,25.60911
13152,28.97089
13153,36.16674
13154,35.42917
13155,25.48387
13156,37.10379
13157,35.37815
13158,28.49881
13159,30.39484
13160,24.19785
13161,26.45063
13162,28.73994
13163,25.01729
13164,33.56911
13165,34.09965
13166,35.99906
13167,38.37797
13168,31.10764
13169,29.84634
13170,24.11707
13171,25.96320
13172,25.24405
13173,24.94907
13174,27.38958
13175,34.64907
13176,26.86682
13177,31.10696
13178,30.72377
13179,31.54847
13180,32.05830
13181,23.64737
13182,30.10945
13183,25.82653
13184,26.53610
13185,27.93201
13186,28.64101
13187,35.98908
13188,28.64620
13189,26.75304
13190,31.23215
13191,26.64489
13192,35.61109
13193,34.31779
13194,23.25567
13195,30.48867
13196,23.19441
13197,25.00068
13198,28.68832
13199,26.67192
13200,31.63499
13201,24.31295
13202,25.25461
13203,36.66698
13204,28.59955
13205,31.71372
13206,30.47112
13207,32.30563
13208,32.20365
13209,30.89224
13210,29.52939
13211,24.36585
13212,26.13973
13213,24.59492
13214,25.83387
13215,28.69511
13216,24.43032
13217,29.32541
13218,24.76817
13219,27.46229
13220,28.71613
13221,21.63705
13222,20.71269
13223,27.51968
13224,26.58968
13225,28.67083
13226,36.79149
13227,27.56595
13228,32.82819
13229,27.88036
13230,24.35702
13231,29.55901
13232,23.56657
13233,27.96333
13234,28.42025
13235,23.40017
13236,26.57523
13237,26.11345
13238,30.88745
13239,29.57469
13240,25.77928
13241,28.21226
13242,24.26656
13243,25.74402
13244,26.31820
13245,25.72892
13246,27.73053
13247,23.25803
13248,33.82134
13249,21.85489
13250,30.67038
13251,30.57254
13252,20.58175
13253,32.95131
13254,25.73469
13255,21.54449
13256,28.32950
13257,23.38824
13258,27.54803
13259,26.38122
13260,27.87274
13261,26.53576
13262,25.29787
13263,24.90786
13264,26.93094
13265,23.67277
13266,25.86602
13267,21.61837
13268,26.88985
13269,29.44008
13270,30.20115
13271,33.16188
13272,28.43846
13273,34.05526
13274,26.66652
13275,21.39351
13276,25.83920
13277,25.78060
13278,21.48312
13279,26.43012
13280,24.85257
13281,27.68974
13282,28.03433
13283,27.59727
13284,30.11698
13285,23.25767
13286,25.15787
13287,19.79764
13288,24.67853
13289,34.80676
13290,29.01442
13291,23.67208
13292,30.52138
13293,28.78798
13294,19.50058
13295,24.88238
13296,21.70641
13297,25.13125
13298,27.68990
13299,23.13406
13300,26.98700
13301,30.40471
13302,28.56651
13303,28.89454
13304,22.57873
13305,23.65164
13306,25.54492
13307,20.49155
13308,22.07341
13309,25.40112
13310,24.39021
13311,26.81425
13312,21.58571
13313,24.24516
13314,21.34089
13315,18.79466
13316,13.85310
13317,16.29563
13318,21.25932
13319,24.42366
13320,26.27341
13321,21.73186
13322,23.28906
13323,22.78959
13324,26.52165
13325,21.91197
13326,23.16638
13327,25.86918
13328,24.79070
13329,23.26443
13330,22.25113
13331,26.90916
13332,22.59296
13333,18.53617
13334,28.69472
13335,22.69097
13336,31.56414
13337,25.57927
13338,17.64609
13339,30.84652
13340,20.18719
13341,25.36163
13342,29.11182
13343,26.92839
13344,31.29422
13345,23.14571
13346,29.51526
13347,28.30620
13348,29.47761
13349,24.82974
13350,22.26448
13351,31.41161
13352,22.96857
13353,28.97690
13354,34.30132
13355,30.63026
13356,33.98819
13357,30.24408
13358,32.39961
13359,27.66813
13360,26.03466
13361,27.97365
13362,27.34409
13363,29.39357
13364,27.51252
13365,21.41109
13366,28.28138
13367,34.02172
13368,21.65161
13369,30.59926
13370,26.53557
13371,27.59468
13372,27.35744
13373,25.57227
13374,31.33187
13375,24.71408
13376,21.92743
13377,22.18996
13378,21.63150
13379,29.07324
13380,15.85385
13381,23.20293
13382,19.85303
13383,19.26124
13384,23.38964
13385,16.72774
13386,17.16045
13387,20.86270
13388,16.24606
13389,19.57790
13390,19.37935
13391,14.99868
13392,24.42106
13393,13.77452
13394,19.96415
13395,20.96134
13396,15.47815
13397,18.24408
13398,11.53476
13399,21.40514
13400,14.32744
13401,14.96453
13402,16.58091
13403,20.80471
13404,14.70556
13405,13.46954
13406,16.29199
13407,13.05713
13408,16.43187
13409,18.59091
13410,19.19699
13411,21.67682
13412,22.54027
13413,10.06179
13414,21.40630
13415,19.92793
13416,17.92548
13417,23.25220
13418,23.58270
13419,26.97074
13420,24.36056
13421,21.90617
13422,29.60110
13423,23.07495
13424,23.12921
13425,24.73987
13426,23.52971
13427,32.74257
13428,28.66584
13429,27.01130
13430,27.53312
13431,25.39021
13432,27.81718
13433,25.87727
13434,27.18063
13435,22.94681
13436,30.51566
13437,25.10748
13438,27.91048
13439,20.65999
13440,18.94784
13441,23.44504
13442,22.29018
13443,17.89672
13444,23.20447
13445,19.52132
13446,16.35056
13447,17.02170
13448,15.40952
13449,15.74906
13450,8.69960
13451,9.50743
13452,15.53754
13453,12.52415
13454,9.88491
13455,13.69669
13456,10.84301
13457,13.87204
13458,16.31679
13459,11.51880
13460,16.08568
13461,16.31289
13462,16.58469
13463,17.31455
13464,18.52032
13465,18.29370
13466,18.32196
13467,22.29907
13468,26.30680
13469,24.48245
13470,20.86839
13471,23.64605
13472,23.81776
13473,27.65031
13474,24.97728
13475,28.65106
13476,27.46213
13477,26.61904
13478,17.97185
13479,21.24581
13480,19.46996
13481,21.61300
13482,23.99414
13483,20.20644
13484,24.40628
13485,21.83458
13486,24.13787
13487,23.93429
13488,29.34876
13489,28.42147
13490,21.35423
13491,25.44086
13492,23.87276
13493,19.01525
13494,25.30100
13495,21.38578
13496,25.78419
13497,30.10550
13498,17.03294
13499,26.23873
13500,28.38420
13501,15.62508
13502,24.72072
13503,24.04251
13504,16.64330
13505,30.78966
13506,28.36340
13507,21.13263
13508,27.45252
13509,23.30108
13510,26.05262
13511,31.66148
13512,27.62624
13513,23.19203
13514,23.42606
13515,24.90176
13516,24.92296
13517,27.15672
13518,24.91876
13519,30.38676
13520,29.32242
13521,32.66589
13522,31.58266
13523,31.40234
13524,31.86003
13525,27.51443
13526,32.59434
13527,31.96408
13528,33.24102
13529,32.49727
13530,28.84907
13531,27.17196
13532,21.61481
13533,24.62340
13534,17.11991
13535,15.38149
13536,16.50759
13537,10.77336
13538,9.52091
13539,9.31208
13540,11.05075
13541,7.46950
13542,10.90240
13543,4.13418
13544,2.14842
13545,3.14209
13546,1.58974
13547,6.33306
13548,3.23010
13549,1.15597
13550,0.52946
13551,6.77622
13552,4.76630
13553,1.90884
13554,8.80817
13555,4.19131
13556,5.07264
13557,9.43485
13558,5.86480
13559,10.16571
13560,18.36827
13561,6.59096
13562,14.90901
13563,21.18378
13564,19.77641
13565,22.48521
13566,30.91559
13567,29.52583
13568,28.36475
13569,30.51240
13570,36.68832
13571,36.35371
13572,38.57586
13573,35.57497
13574,40.85162
13575,38.49788
13576,40.55346
13577,38.46487
13578,28.62022
13579,32.23923
13580,32.69403
13581,30.24761
13582,28.15293
13583,27.19140
13584,22.77482
13585,19.76026
13586,20.94408
13587,20.56399
13588,15.68497
13589,11.77634
13590,16.07418
13591,14.17263
13592,12.41410
13593,7.75737
13594,13.69457
13595,11.78882
13596,8.42553
13597,13.23305
13598,15.54098
13599,12.45641
13600,14.51808
13601,27.13256
13602,21.88252
13603,28.65261
13604,24.80724
13605,24.97208
13606,27.67460
13607,30.99275
13608,33.91951
13609,34.01270
13610,30.49393
13611,29.95942
13612,25.50884
13613,24.74468
13614,17.52999
13615,17.78184
13616,14.09127
13617,14.73722
13618,13.03608
13619,10.91641
13620,6.77594
13621,9.97912
13622,3.98428
13623,1.07076
13624,7.35182
13625,7.13031
13626,6.52970
13627,5.94676
13628,4.06545
13629,11.25114
13630,9.22287
13631,11.53393
13632,9.86346
13633,10.27024
13634,12.63031
13635,15.31211
13636,17.60709
13637,18.66895
13638,17.00922
13639,14.82176
13640,18.70884
13641,25.99620
13642,21.75359
13643,25.36826
13644,27.18244
13645,27.08938
13646,32.82938
13647,27.81943
13648,28.07338
13649,30.84264
13650,25.05187
13651,25.48260
13652,26.01632
13653,27.13819
13654,29.97817
13655,34.04148
13656,34.69358
13657,30.63646
13658,30.71180
13659,29.57577
13660,31.52279
13661,31.23095
13662,24.46336
13663,25.67142
13664,32.06663
13665,33.69292
13666,25.59659
13667,29.60819
13668,22.61152
13669,29.03850
13670,25.16708
13671,20.75866
13672,21.54768
13673,25.02060
13674,19.69718
13675,20.29495
13676,15.56695
13677,15.24588
13678,15.45192
13679,11.97875
13680,11.90166
13681,14.65798
13682,14.24933
13683,9.35538
13684,10.69912
13685,9.13953
13686,7.48187
13687,9.45268
13688,7.77279
13689,6.12822
13690,3.76445
13691,6.04316
13692,1.73074
13693,6.14228
13694,6.13189
13695,0.19564
13696,3.88048
13697,1.21077
13698,0.88259
13699,5.06069
13700,4.44498
13701,0.65193
13702,0.81410
13703,3.59827
13704,2.57925
13705,4.01285
13706,6.60420
13707,5.93478
13708,5.23875
13709,12.38895
13710,4.84658
13711,5.61937
13712,7.19421
13713,11.34116
13714,10.75661
13715,15.99747
13716,16.56957
13717,14.19393
13718,11.88092
13719,12.29312
13720,7.86472
13721,19.04996
13722,12.59514
13723,19.37483
13724,25.54062
13725,18.23760
13726,27.75124
13727,15.48168
13728,15.35789
13729,19.49911
13730,20.77518
13731,21.17770
13732,22.98947
13733,22.26148
13734,23.16017
13735,26.47892
13736,25.68819
13737,20.83134
13738,25.06252
13739,19.74861
13740,22.04998
13741,22.60602
13742,19.03223
13743,18.62460
13744,19.76375
13745,17.99200
13746,18.88372
13747,20.59515
13748,17.29569
13749,15.30237
13750,15.18095
13751,18.71019
13752,17.78072
13753,17.77563
13754,14.64413
13755,18.24824
13756,19.41983
13757,20.53659
13758,18.99208
13759,16.95031
13760,14.93261
13761,14.82901
13762,13.27348
13763,12.28353
13764,14.06930
13765,15.13864
13766,18.80185
13767,12.67986
13768,16.83277
13769,15.19452
13770,7.71329
13771,10.58995
13772,6.24702
13773,11.55414
13774,13.72335
13775,12.91227
13776,10.31586
13777,12.69384
13778,13.02824
13779,12.71541
13780,14.82639
13781,12.45098
13782,13.15106
13783,15.90001
13784,18.06868
13785,20.74519
13786,13.52796
13787,14.92651
13788,20.77198
13789,15.57205
13790,18.82434
13791,18.24991
13792,17.35158
13793,15.58972
13794,18.50572
13795,19.47599
13796,17.09782
13797,18.25458
13798,16.74072
13799,18.69225
13800,15.75903
13801,14.20060
13802,13.31013
13803,18.70778
13804,20.31969
13805,17.02020
13806,19.10447
13807,21.16250
13808,17.71520
13809,14.98117
13810,16.07924
13811,11.46167
13812,14.09884
13813,18.24214
13814,17.78568
13815,16.48886
13816,16.58636
13817,11.84234
13818,16.23486
13819,16.72003
13820,17.74346
13821,18.75868
13822,15.66092
13823,18.01030
13824,19.58208
13825,18.18292
13826,14.72307
13827,17.61051
13828,12.36860
13829,18.18032
13830,18.15198
13831,12.17400
13832,14.82517
13833,14.13844
13834,13.88598
13835,13.99878
13836,18.62509
13837,14.53214
13838,16.38451
13839,12.73067
13840,13.57228
13841,13.53648
13842,15.50355
13843,13.12578
13844,10.98506
13845,17.64738
13846,13.54793
13847,12.51694
13848,15.38544
13849,14.60603
13850,17.15950
13851,18.45354
13852,14.81183
13853,11.24631
13854,13.32192
13855,12.84987
13856,13.43112
13857,15.40084
13858,15.65557
13859,14.36631
13860,8.97863
13861,13.38730
13862,8.70608
13863,8.82737
13864,13.73409
13865,9.79279
13866,11.22107
13867,7.48960
13868,9.47820
13869,9.84515
13870,11.33948
13871,11.94017
13872,13.54132
13873,19.35495
13874,14.16854
13875,21.76566
13876,10.59565
13877,21.67289
13878,20.44763
13879,15.28974
13880,15.85380
13881,12.12696
13882,17.11091
13883,17.88548
13884,13.62072
13885,8.37796
13886,15.72305
13887,9.53407
13888,16.47717
13889,16.99657
13890,17.46518
13891,17.59520
13892,9.29962
13893,16.35389
13894,16.02971
13895,11.47722
13896,11.10361
13897,12.70384
13898,11.49915
13899,9.14255
13900,10.58436
13901,8.76738
13902,12.10854
13903,12.21839
13904,12.71542
13905,12.82942
13906,12.41077
13907,15.76843
13908,15.97746
13909,15.81026
13910,19.04846
13911,16.50051
13912,17.25648
13913,18.48052
13914,19.12130
13915,16.96501
13916,11.36953
13917,9.08904
13918,13.79355
13919,14.60772
13920,20.76902
13921,20.12626
13922,18.53291
13923,20.11488
13924,15.94179
13925,15.77977
13926,15.79980
13927,13.33043
13928,11.19453
13929,18.75706
13930,15.49236
13931,18.34643
13932,13.85630
13933,12.18886
13934,14.95532
13935,9.39229
13936,9.77651
13937,9.48210
13938,10.80168
13939,8.89217
13940,10.94984
13941,12.02097
13942,9.93934
13943,11.17032
13944,9.16465
13945,15.40632
13946,10.76969
13947,10.27857
13948,10.41593
13949,12.86992
13950,13.67469
13951,12.59961
13952,11.14737
13953,11.32659
13954,13.52685
13955,11.05320
13956,8.57471
13957,10.01592
13958,11.56378
13959,10.82599
13960,16.03184
13961,14.49162
13962,13.06168
13963,12.43347
13964,11.50213
13965,15.36833
13966,12.63015
13967,9.63294
13968,11.55193
13969,8.80263
13970,7.02081
13971,11.32798
13972,11.81909
13973,12.77857
13974,11.13103
13975,7.31046
13976,13.77259
13977,14.84121
13978,12.76748
13979,11.81442
13980,11.91691
13981,6.21690
13982,10.90483
13983,13.15480
13984,8.21776
13985,12.89017
13986,6.51177
13987,14.77347
13988,12.72490
13989,14.11205
13990,11.47439
13991,8.43139
13992,8.96955
13993,11.78185
13994,9.78597
13995,12.89855
13996,6.99505
13997,8.77250
13998,10.60776
13999,8.30976
14000,12.38775
14001,12.34887
14002,9.26119
14003,16.80696
14004,9.14999
14005,12.30449
14006,10.56109
14007,6.46767
14008,14.27602
14009,10.85274
14010,7.09750
14011,18.66838
14012,19.04749
14013,6.97225
14014,15.00753
14015,9.23426
14016,7.51838
14017,9.13626
14018,7.91249
14019,11.27591
14020,15.12140
14021,12.68581
14022,12.96979
14023,15.68702
14024,9.59264
14025,12.23829
14026,11.52509
14027,14.63369
14028,13.59931
14029,16.51397
14030,17.42690
14031,13.85927
14032,14.01881
14033,11.58877
14034,7.78433
14035,12.63199
14036,10.39425
14037,11.18343
14038,11.01301
14039,9.74594
14040,13.57678
14041,14.39149
14042,9.42316
14043,15.25572
14044,10.65470
14045,8.10637
14046,12.96394
14047,10.24395
14048,9.22924
14049,13.76678
14050,12.06915
14051,14.84953
14052,9.81555
14053,16.75098
14054,14.79672
14055,10.72842
14056,14.16177
14057,15.30681
14058,17.07641
14059,13.35279
14060,10.78018
14061,13.03119
14062,9.69150
14063,9.57529
14064,9.65976
14065,7.80028
14066,11.70858
14067,10.27768
14068,9.16470
14069,12.28951
14070,10.45045
14071,5.77015
14072,5.77242
14073,6.51615
14074,11.16399
14075,12.24627
14076,9.10420
14077,12.87955
14078,14.75612
14079,13.35944
14080,14.73890
14081,10.74465
14082,3.55735
14083,7.38875
14084,2.77872
14085,5.64585
14086,9.14847
14087,9.79184
14088,14.00480
14089,10.52342
14090,9.40050
14091,9.89882
14092,12.95323
14093,7.59153
14094,13.03320
14095,9.84733
14096,13.61399
14097,12.68531
14098,9.02333
14099,10.12336
14100,8.92354
14101,10.63219
14102,11.21072
14103,6.29445
14104,11.38123
14105,13.58562
14106,12.39418
14107,14.03582
14108,12.66259
14109,10.60677
14110,11.41026
14111,14.21839
14112,14.69351
14113,12.85137
14114,6.18513
14115,14.42036
14116,9.25425
14117,11.76333
14118,14.88386
14119,11.93810
14120,13.95741
14121,12.17561
14122,11.22679
14123,8.93954
14124,13.53058
14125,14.01894
14126,14.28125
14127,10.54615
14128,7.12865
14129,8.61203
14130,12.83609
14131,9.10429
14132,14.17216
14133,12.68758
14134,13.35211
14135,16.38899
14136,13.14149
14137,9.73763
14138,6.89931
14139,10.84794
14140,11.91781
14141,8.39542
14142,10.01054
14143,9.17412
14144,9.52505
14145,10.22017
14146,9.57214
14147,16.81552
14148,11.31574
14149,7.39047
14150,11.74461
14151,10.76778
14152,10.04528
14153,10.56412
14154,6.67812
14155,12.12103
14156,9.66996
14157,13.76633
14158,13.27910
14159,11.81962
14160,17.48342
14161,10.73525
14162,14.65902
14163,11.75108
14164,13.35125
14165,17.07992
14166,15.36944
14167,16.51507
14168,11.43907
14169,9.23910
14170,9.12596
14171,7.69562
14172,5.16094
14173,5.13697
14174,6.67807
14175,8.93456
14176,6.98317
14177,2.54641
14178,6.67724
14179,6.11955
14180,5.47855
14181,7.57019
14182,3.73913
14183,6.31170
14184,8.29869
14185,8.00729
14186,3.24618
14187,8.30191
14188,10.73750
14189,9.23186
14190,8.77452
14191,8.50223
14192,8.30410
14193,6.41419
14194,11.40169
14195,13.54755
14196,10.29569
14197,8.81532
14198,4.15638
14199,8.24770
14200,12.35700
14201,9.59193
14202,11.93044
14203,6.33253
14204,9.42499
14205,7.18624
14206,8.20198
14207,11.52367
14208,7.60125
14209,13.68587
14210,11.86766
14211,14.01065
14212,16.50810
14213,14.90821
14214,20.38819
14215,24.43129
14216,20.15573
14217,16.81961
14218,15.25555
14219,20.36744
14220,18.45199
14221,15.51188
14222,20.52411
14223,21.02738
14224,18.88367
14225,21.61181
14226,19.38181
14227,23.09375
14228,19.55744
14229,20.88222
14230,21.05525
14231,16.88110
14232,20.28034
14233,21.78512
14234,23.55133
14235,18.82945
14236,20.15390
14237,18.14551
14238,23.25069
14239,19.57592
14240,14.02743
14241,16.95035
14242,12.58226
14243,12.00881
14244,10.10254
14245,10.57792
14246,13.05275
14247,11.98727
14248,10.04046
14249,10.72762
14250,8.72885
14251,8.78847
14252,9.33729
14253,4.33172
14254,11.72428
14255,10.33527
14256,7.56565
14257,10.94737
14258,8.05315
14259,4.64305
14260,6.40800
14261,5.04696
14262,4.07513
14263,4.64886
14264,5.62395
14265,7.88587
14266,11.75443
14267,9.26136
14268,9.72400
14269,4.60897
14270,10.83678
14271,9.02176
14272,4.48228
14273,6.43441
14274,9.40375
14275,9.89236
14276,10.63878
14277,9.23220
14278,9.86260
14279,8.91000
14280,5.07740
14281,12.03267
14282,7.70624
14283,14.44188
14284,9.65102
14285,8.50963
14286,2.90509
14287,4.21438
14288,5.57316
14289,3.77363
14290,10.16146
14291,11.35589
14292,11.96252
14293,9.58626
14294,4.64800
14295,6.49186
14296,8.61916
14297,7.66259
14298,7.94859
14299,7.11269
14300,12.73056
14301,6.36072
14302,7.15967
14303,7.13458
14304,7.03464
14305,4.83685
14306,6.83832
14307,1.57818
14308,11.75211
14309,9.31498
14310,7.97217
14311,8.06030
14312,6.15141
14313,5.04768
14314,7.02807
14315,6.57261
14316,3.47234
14317,4.50701
14318,5.51705
14319,6.53097
14320,6.42319
14321,9.07942
14322,9.50784
14323,8.12572
14324,4.43319
14325,10.99933
14326,9.91905
14327,9.39520
14328,9.26177
14329,8.29816
14330,9.50290
14331,10.23420
14332,12.97554
14333,6.54446
14334,8.88946
14335,7.21416
14336,2.71589
14337,5.22150
14338,7.06610
14339,8.01552
14340,8.33508
14341,10.39697
14342,7.55997
14343,9.10014
14344,8.83414
14345,10.12042
14346,4.47973
14347,4.46514
14348,7.50459
14349,8.62932
14350,10.51711
14351,7.30989
14352,9.08736
14353,11.62098
14354,11.82838
14355,12.84043
14356,7.80314
14357,10.01513
14358,11.65862
14359,10.41511
14360,10.20048
14361,12.44032
14362,7.68505
14363,4.59803
14364,5.60426
14365,5.21455
14366,4.92857
14367,4.29871
14368,5.79470
14369,8.04430
14370,9.44833
14371,7.87923
14372,6.40962
14373,12.13746
14374,12.79621
14375,9.32445
14376,8.51864
14377,8.81600
14378,12.83388
14379,9.80204
14380,13.90548
14381,16.10470
14382,15.26054
14383,14.86184
14384,18.02379
14385,16.72824
14386,16.18711
14387,16.60250
14388,18.07057
14389,15.82721
14390,11.30963
14391,12.41931
14392,8.35016
14393,14.81631
14394,17.61215
14395,14.10224
14396,16.05503
14397,22.70077
14398,20.38024
14399,20.59629
14400,23.55157
14401,15.43855
14402,17.64421
14403,13.17563
14404,16.79509
14405,17.58989
14406,15.82159
14407,18.62472
14408,24.31886
14409,25.60606
14410,16.39851
14411,18.56127
14412,15.46249
14413,17.90523
14414,15.58617
14415,12.70045
14416,11.25844
14417,9.75098
14418,11.24441
14419,9.11468
14420,9.24712
14421,12.37754
14422,8.37795
14423,5.91868
14424,9.36714
14425,6.84158
14426,13.04192
14427,8.04982
14428,9.12068
14429,4.99844
14430,4.50484
14431,1.82203
14432,2.52565
14433,4.54115
14434,1.54630
14435,0.72032
14436,1.75721
14437,1.98692
14438,2.37887
14439,4.62187
14440,1.74674
14441,1.64829
14442,0.48006
14443,-0.27385
14444,1.18837
14445,0.37975
14446,0.45150
14447,0.15498
14448,0.88141
14449,1.07506
14450,1.17648
14451,0.31564
14452,0.72714
14453,2.67742
14454,0.24221
14455,0.50682
14456,0.41304
14457,1.83116
14458,0.46595
14459,0.14833
14460,0.82591
14461,2.06528
14462,1.72480
14463,0.57916
14464,0.82764
14465,1.13784
14466,0.87851
14467,0.82662
14468,1.70290
14469,0.80851
14470,3.75425
14471,4.47671
14472,10.84132
14473,9.16285
14474,6.03061
14475,6.19461
14476,8.41689
14477,4.87221
14478,5.96067
14479,9.95254
14480,12.44113
14481,7.03392
14482,5.54246
14483,11.24305
14484,8.72554
14485,5.00193
14486,6.50602
14487,9.34131
14488,10.29347
14489,10.08027
14490,6.09777
14491,8.98026
14492,6.64376
14493,7.99924
14494,10.79335
14495,8.71085
14496,11.89433
14497,12.74513
14498,14.16397
14499,16.17331
14500,15.04014
14501,15.81609
14502,13.03784
14503,13.75624
14504,13.84907
14505,14.58615
14506,13.59610
14507,17.16424
14508,8.87985
14509,10.18770
14510,15.61453
14511,14.42597
14512,11.91631
14513,11.04089
14514,5.67059
14515,12.36666
14516,8.49286
14517,11.63527
14518,12.00360
14519,18.08915
14520,11.68465
14521,8.91575
14522,11.92014
14523,9.25320
14524,9.01097
14525,13.30508
14526,11.04687
14527,9.57090
14528,11.18994
14529,10.73543
14530,13.74245
14531,13.80995
14532,9.48080
14533,13.95824
14534,12.00229
14535,15.60807
14536,12.32434
14537,9.54596
14538,12.59550
14539,8.98299
14540,11.80343
14541,7.57673
14542,6.93812
14543,4.54241
14544,9.56214
14545,3.55584
14546,6.16054
14547,5.30614
14548,3.57359
14549,5.66715
14550,4.40638
14551,4.47278
14552,5.59211
14553,6.20061
14554,2.91357
14555,2.70665
14556,1.35117
14557,7.86130
14558,7.78588
14559,2.28888
14560,1.08510
14561,2.36145
14562,2.94450
14563,2.92842
14564,3.70763
14565,1.16639
14566,1.90327
14567,5.20313
14568,0.81643
14569,1.78446
14570,2.21827
14571,7.02880
14572,5.53956
14573,6.40061
14574,2.71106
14575,0.81396
14576,2.45211
14577,2.49541
14578,9.29327
14579,13.22426
14580,15.07157
14581,16.87218
14582,14.28609
14583,10.43778
14584,10.28123
14585,14.27972
14586,16.48314
14587,18.26207
14588,23.01206
14589,19.34023
14590,23.01743
14591,21.49752
14592,16.15543
14593,20.52616
14594,18.33432
14595,17.28139
14596,25.11290
14597,16.91675
14598,16.30869
14599,19.62115
14600,19.63870
14601,18.24794
14602,20.80583
14603,17.34487
14604,15.01809
14605,20.84752
14606,15.17210
14607,10.99761
14608,13.62361
14609,15.85658
14610,18.17976
14611,10.42656
14612,13.94032
14613,10.97928
14614,15.30984
14615,15.51039
14616,12.54630
14617,17.71692
14618,14.70739
14619,10.18373
14620,10.88799
14621,13.73462
14622,12.11417
14623,7.82711
14624,8.00451
14625,7.04590
14626,7.88301
14627,2.73750
14628,6.19698
14629,6.60245
14630,5.33966
14631,8.46161
14632,3.41115
14633,2.63810
14634,2.89261
14635,0.61994
14636,2.33444
14637,0.78889
14638,2.98457
14639,1.76694
14640,1.42041
14641,2.61387
14642,1.73533
14643,3.20396
14644,4.68620
14645,1.25169
14646,0.82901
14647,1.74252
14648,1.72977
14649,0.55118
14650,0.42964
14651,-0.11729
14652,0.37188
14653,0.01644
14654,0.09126
14655,0.96654
14656,0.31827
14657,-0.04814
14658,-0.06281
14659,0.32343
14660,0.92756
14661,-0.37891
14662,0.62480
14663,1.04369
14664,-0.22953
14665,0.11870
14666,-0.03220
14667,0.63510
14668,0.78298
14669,-0.07716
14670,2.79363
14671,1.24865
14672,-0.14051
14673,6.25979
14674,8.76782
14675,8.95666
14676,7.66750
14677,7.14186
14678,7.93885
14679,9.51339
14680,10.26055
14681,11.69627
14682,14.04751
14683,14.98780
14684,14.54518
14685,18.48305
14686,21.25927
14687,23.44286
14688,26.34676
14689,20.72193
14690,21.48860
14691,24.65972
14692,23.40600
14693,27.58732
14694,27.14079
14695,22.74481
14696,25.43674
14697,22.55169
14698,24.00409
14699,23.47256
14700,26.88537
14701,25.63242
14702,28.16684
14703,24.63400
14704,20.29066
14705,17.76958
14706,17.82323
14707,22.60774
14708,14.91171
14709,11.49301
14710,14.40289
14711,14.07743
14712,10.87527
14713,13.68633
14714,7.92191
14715,4.85558
14716,1.56197
14717,1.26986
14718,3.23356
14719,2.29566
14720,1.01356
14721,2.95974
14722,1.43050
14723,-0.42212
14724,0.22801
14725,-0.10486
14726,0.05622
14727,0.00000
14728,0.00000
14729,0.00000
14730,0.00000
14731,0.00000
14732,0.00000
14733,0.00000
14734,0.00000
14735,0.00000
14736,0.00000
14737,0.00000
14738,0.00000
14739,0.00000
14740,0.00000
14741,0.03679
14742,-0.05529
14743,0.16211
14744,-0.26830
14745,2.51758
14746,2.68693
14747,3.29632
14748,6.43702
14749,5.70286
14750,6.12280
14751,3.33703
14752,9.28918
14753,13.91022
14754,13.89760
14755,10.24722
14756,18.60113
14757,18.79387
14758,17.34865
14759,23.47770
14760,24.38652
14761,22.93722
14762,26.35886
14763,27.13682
14764,28.93695
14765,28.87561
14766,31.23488
14767,34.17176
14768,32.64709
14769,28.85674
14770,28.36423
14771,28.85070
14772,26.87590
14773,28.87386
14774,24.20347
14775,19.08635
14776,18.70646
14777,18.85673
14778,14.70927
14779,13.50833
14780,10.89053
14781,12.07881
14782,14.64402
14783,11.74656
14784,3.87176
14785,4.11352
14786,8.61777
14787,13.41975
14788,7.12912
14789,9.75610
14790,11.24319
14791,11.00316
14792,11.30207
14793,8.63660
14794,10.09603
14795,12.51095
14796,11.34392
14797,4.48967
14798,6.16271
14799,7.73283
14800,3.92520
14801,4.32976
14802,5.62355
14803,5.74649
14804,5.22532
14805,2.36197
14806,1.79430
14807,7.20065
14808,5.83330
14809,3.31525
14810,0.25162
14811,0.87462
14812,1.48416
14813,0.15856
14814,0.23699
14815,1.06573
14816,-0.02890
14817,2.33669
14818,2.99782
14819,5.54769
14820,7.22313
14821,3.52877
14822,2.21233
14823,8.21664
14824,4.78969
14825,5.30988
14826,10.57018
14827,6.84301
14828,4.98662
14829,10.89567
14830,7.10899
14831,10.70258
14832,8.64683
14833,9.57905
14834,9.19702
14835,7.95051
14836,2.76157
14837,1.87638
14838,4.02800
14839,2.28620
14840,3.41854
14841,4.19280
14842,5.12502
14843,1.89834
14844,1.41718
14845,-0.16969
14846,1.55565
14847,0.87431
14848,-0.29816
14849,0.16619
14850,-0.11940
14851,0.16547
14852,0.27228
14853,-0.06270
14854,0.02968
14855,0.00613
14856,-0.03833
14857,0.44841
14858,-0.24866
14859,2.25962
14860,0.53877
14861,0.84432
14862,3.17738
14863,-0.58640
14864,2.04915
14865,1.94613
14866,1.76117
14867,7.88983
14868,10.36462
14869,9.57927
14870,11.56777
14871,6.94819
14872,5.39040
14873,8.58410
14874,4.48746
14875,8.82284
14876,17.79216
14877,8.47422
14878,8.03347
14879,10.22866
14880,3.59766
14881,4.67051
14882,7.94947
14883,5.99099
14884,11.90252
14885,1.08827
14886,3.76103
14887,8.75666
14888,3.84848
14889,4.37649
14890,11.90849
14891,8.61676
14892,7.18583
14893,8.13908
14894,7.31755
14895,8.71027
14896,7.49082
14897,8.72632
14898,11.13139
14899,7.64793
14900,12.22792
14901,7.42519
14902,5.14626
14903,6.48516
14904,5.06451
14905,3.78117
14906,3.59209
14907,3.48931
14908,5.65466
14909,5.99955
14910,4.66610
14911,6.47690
14912,5.12595
14913,3.93066
14914,7.23336
14915,6.68689
14916,5.85673
14917,4.32280
14918,2.72804
14919,5.18573
14920,8.10514
14921,4.60566
14922,7.38791
14923,11.19919
14924,10.71605
14925,9.72867
14926,7.20942
14927,4.84647
14928,8.24503
14929,2.98154
14930,5.06536
14931,11.86854
14932,9.36874
14933,11.91657
14934,10.65482
14935,9.91831
14936,9.76923
14937,15.25850
14938,13.28711
14939,12.08942
14940,14.44639
14941,17.32885
14942,11.04781
14943,9.60543
14944,8.68716
14945,16.18023
14946,11.38561
14947,15.36909
14948,14.83958
14949,13.47943
14950,10.26687
14951,12.58390
14952,9.66308
14953,9.95232
14954,9.84517
14955,12.92241
14956,14.94506
14957,11.30653
14958,13.13553
14959,15.61340
14960,14.00713
14961,18.39771
14962,19.45925
14963,19.29348
14964,20.58423
14965,15.21695
14966,13.31733
14967,17.81609
14968,14.68121
14969,18.33208
14970,11.33112
14971,14.87586
14972,14.77495
14973,9.02162
14974,12.64580
14975,12.37370
14976,8.27043
14977,7.47139
14978,6.61013
14979,2.69015
14980,3.67899
14981,3.00693
14982,3.75704
14983,6.39977
14984,1.55311
14985,2.40517
14986,4.76502
14987,6.65709
14988,5.24706
14989,2.87556
14990,3.54310
14991,0.78385
14992,2.44244
14993,5.21375
14994,4.49010
14995,3.84644
14996,7.31816
14997,2.02402
14998,3.61011
14999,2.34330
15000,1.70759
15001,7.15214
15002,3.45400
15003,7.56120
15004,6.51516
15005,4.21540
15006,8.64217
15007,2.69542
15008,1.75775
15009,3.94756
15010,2.06155
15011,1.03080
15012,3.30014
15013,3.70234
15014,5.03187
15015,3.43091
15016,5.02108
15017,2.24122
15018,3.39184
15019,7.31056
15020,0.91821
15021,5.20227
15022,3.33091
15023,3.70848
15024,4.10406
15025,3.23734
15026,1.36947
15027,4.49116
15028,7.16117
15029,4.98550
15030,2.41604
15031,1.99474
15032,5.98074
15033,5.80342
15034,4.70644
15035,5.45387
15036,6.03161
15037,3.46269
15038,1.33043
15039,4.88398
15040,2.44338
15041,3.83261
15042,4.53222
15043,4.28490
15044,8.71948
15045,5.91530
15046,4.81885
15047,8.33088
15048,8.12615
15049,9.75472
15050,4.59347
15051,4.67553
15052,6.87155
15053,7.77727
15054,6.64384
15055,7.73795
15056,10.41034
15057,10.09484
15058,7.58236
15059,11.03441
15060,11.21136
15061,6.64547
15062,6.57214
15063,8.60950
15064,5.23704
15065,5.90860
15066,4.24690
15067,6.14647
15068,6.01878
15069,4.75524
15070,4.57465
15071,3.64100
15072,7.14119
15073,7.16521
15074,6.70651
15075,6.62981
15076,6.48324
15077,6.33895
15078,6.63415
15079,7.37054
15080,5.27423
15081,2.32296
15082,2.51033
15083,4.36921
15084,5.87989
15085,5.31375
15086,4.59292
15087,5.63241
15088,5.92120
15089,6.47780
15090,8.19255
15091,6.13546
15092,8.94354
15093,5.11459
15094,2.09458
15095,7.26962
15096,9.19722
15097,10.25971
15098,8.72458
15099,5.38419
15100,6.94509
15101,6.55982
15102,4.68476
15103,2.58726
15104,6.16068
15105,3.42790
15106,-0.47059
15107,5.86706
15108,6.62264
15109,4.59184
15110,6.83842
15111,2.32428
15112,3.68432
15113,9.42234
15114,9.39889
15115,11.77408
15116,9.45110
15117,6.67032
15118,1.45185
15119,6.77625
15120,5.83239
15121,20.23153
15122,29.62995
15123,7.80385
15124,5.43452
15125,-0.20330
15126,7.24547
15127,6.90838
15128,3.98029
15129,1.84318
15130,-0.29690
15131,0.85650
15132,-0.15796
15133,4.36806
15134,29.63198
15135,18.12104
15136,0.68063
15137,5.65329
15138,1.98424
15139,9.09367
15140,7.45241
15141,2.29028
15142,3.21804
15143,-0.28187
15144,3.39828
15145,11.36801
15146,8.62175
15147,11.55143
15148,6.73895
15149,10.99545
15150,8.34876
15151,3.89476
15152,1.23087
15153,4.78157
15154,8.97383
15155,13.80265
15156,14.85939
15157,8.78633
15158,7.05474
15159,4.65049
15160,4.65763
15161,4.19936
15162,2.60860
15163,6.26301
15164,11.44881
15165,3.18418
15166,12.88888
15167,10.04446
15168,2.45281
15169,7.53603
15170,4.29505
15171,2.14437
15172,5.68155
15173,4.91199
15174,7.69691
15175,5.42749
15176,1.18992
15177,3.45828
15178,1.91951
15179,6.70109
15180,5.66595
15181,7.83689
15182,5.01895
15183,9.88393
15184,7.01326
15185,3.55154
15186,6.44700
15187,8.53891
15188,10.22799
15189,5.51204
15190,7.62848
15191,7.48016
15192,5.73461
15193,4.37863
15194,3.83671
15195,9.19374
15196,7.94838
15197,1.76526
15198,3.23857
15199,2.73857
15200,6.25625
15201,4.15729
15202,3.79647
15203,3.38205
15204,4.47878
15205,3.06818
15206,4.72836
15207,2.04079
15208,2.20179
15209,8.08893
15210,5.13529
15211,3.92064
15212,6.63718
15213,5.90548
15214,5.58578
15215,7.99847
15216,8.77892
15217,6.78808
15218,5.22131
15219,8.09934
15220,6.93948
15221,7.61697
15222,5.91785
15223,12.95945
15224,11.05492
15225,5.77465
15226,10.17855
15227,12.46599
15228,12.09758
15229,12.43257
15230,14.02533
15231,7.75919
15232,10.25354
15233,3.33017
15234,6.10678
15235,6.92491
15236,3.68865
15237,5.23526
15238,8.05688
15239,12.18982
15240,11.85472
15241,5.21029
15242,3.97660
15243,9.81516
15244,3.96143
15245,5.59185
15246,4.90169
15247,5.62656
15248,9.54504
15249,3.34307
15250,7.33369
15251,12.42998
15252,12.90013
15253,4.96651
15254,5.48876
15255,3.19633
15256,1.46267
15257,7.22376
15258,5.55790
15259,6.99963
15260,2.84493
15261,3.41728
15262,3.38539
15263,3.48377
15264,5.47109
15265,3.67576
15266,1.84696
15267,5.39300
15268,7.46011
15269,3.86853
15270,6.79851
15271,4.69625
15272,7.57406
15273,8.89367
15274,7.18327
15275,8.04443
15276,3.99612
15277,2.14210
15278,3.77121
15279,6.30142
15280,4.08466
15281,1.64826
15282,4.57681
15283,5.37871
15284,1.25668
15285,0.77494
15286,5.69236
15287,7.74955
15288,4.07764
15289,2.91871
15290,2.00639
15291,2.70861
15292,1.57894
15293,4.77406
15294,5.90737
15295,5.65662
15296,1.77203
15297,2.59335
15298,8.42162
15299,7.18946
15300,7.47058
15301,8.04513
15302,2.35709
15303,2.92445
15304,6.86069
15305,4.46239
15306,3.63461
15307,8.83833
15308,7.71920
15309,6.37384
15310,6.33286
15311,4.41533
15312,4.92790
15313,8.01786
15314,10.90242
15315,3.99233
15316,4.99290
15317,4.39346
15318,1.05215
15319,0.90728
15320,-0.78084
15321,23.83611
15322,17.16958
15323,-2.77772
15324,2.18678
15325,16.22022
15326,10.29828
15327,2.51072
15328,15.35357
15329,10.85580
15330,-2.95074
15331,6.99614
15332,15.86770
15333,1.57734
15334,5.42953
15335,9.83311
15336,2.99413
15337,0.14952
15338,3.39576
15339,8.45422
15340,5.68633
15341,0.79776
15342,0.57411
15343,0.10971
15344,1.13739
15345,4.00062
15346,5.50690
15347,-0.04306
15348,1.14176
15349,3.92324
15350,2.82765
15351,-0.68078
15352,4.86139
15353,9.36015
15354,0.87514
15355,1.13520
15356,3.50939
15357,6.32466
15358,3.95407
15359,4.89975
15360,10.55174
15361,4.87323
15362,7.85020
15363,9.40920
15364,11.33174
15365,10.02161
15366,14.94509
15367,8.65044
15368,5.02617
15369,10.90415
15370,8.05200
15371,14.46423
15372,20.82920
15373,18.13312
15374,13.99362
15375,10.83157
15376,13.17672
15377,12.07481
15378,13.54202
15379,14.66883
15380,15.10402
15381,10.53761
15382,4.78471
15383,3.81079
15384,8.96533
15385,8.73823
15386,8.47059
15387,8.09114
15388,3.92248
15389,2.04859
15390,0.89653
15391,3.96410
15392,5.53653
15393,3.28474
15394,2.09576
15395,2.01608
15396,1.26202
15397,-0.13955
15398,0.96689
15399,0.95160
15400,6.96853
15401,5.12821
15402,1.88448
15403,9.92432
15404,9.55045
15405,10.67582
15406,12.20976
15407,13.67877
15408,16.13248
15409,15.21931
15410,19.55820
15411,20.17331
15412,27.06727
15413,26.16084
15414,21.77141
15415,25.32046
15416,24.90933
15417,26.19871
15418,26.09094
15419,28.42834
15420,32.47353
15421,26.45198
15422,25.20442
15423,20.79962
15424,22.80215
15425,20.13662
15426,13.53222
15427,17.04877
15428,14.30361
15429,14.16244
15430,12.41115
15431,3.20475
15432,1.82974
15433,0.57184
15434,0.05446
15435,0.05866
15436,0.02094
15437,0.01418
15438,0.00000
15439,0.02102
15440,-0.04780
15441,0.09497
15442,-0.19080
15443,0.53577
15444,1.08911
15445,-0.25081
15446,0.11870
15447,-0.06056
15448,0.02836
15449,0.00000
15450,0.00000
15451,0.00000
15452,0.00000
15453,0.00000
15454,0.00000
15455,0.00000
15456,0.00000
15457,0.00000
15458,0.00000
15459,0.00000
15460,0.00000
15461,0.00526
15462,0.01432
15463,-0.01474
15464,0.02559
15465,-0.01553
15466,0.76097
15467,2.43140
15468,0.19363
15469,1.54625
15470,2.02738
15471,-0.00950
15472,3.05650
15473,4.47726
15474,4.76962
15475,5.24549
15476,2.40109
15477,4.59730
15478,10.44261
15479,11.57793
15480,12.97162
15481,14.33553
15482,9.47864
15483,10.32661
15484,9.35220
15485,9.44011
15486,6.36755
15487,8.73250
15488,12.11263
15489,14.02437
15490,15.73358
15491,13.63207
15492,10.82968
15493,17.50433
15494,16.71268
15495,15.51438
15496,14.83250
15497,9.16430
15498,7.65648
15499,13.73982
15500,12.74486
15501,13.77885
15502,12.70667
15503,6.54537
15504,9.30413
15505,13.20491
15506,6.44651
15507,4.26839
15508,6.02081
15509,2.72977
15510,7.32305
15511,5.84862
15512,1.61028
15513,0.87030
15514,3.74235
15515,3.18383
15516,0.38126
15517,7.40075
15518,3.56410
15519,0.32885
15520,1.62216
15521,3.71775
15522,1.25524
15523,0.06547
15524,1.48398
15525,5.35268
15526,1.50521
15527,0.23480
15528,1.28857
15529,-0.42292
15530,0.49240
15531,1.00535
15532,0.45493
15533,2.50394
15534,0.98669
15535,0.71421
15536,3.31738
15537,0.77473
15538,2.98192
15539,5.07932
15540,1.82111
15541,5.42997
15542,10.25303
15543,7.09863
15544,7.44563
15545,8.78478
15546,6.91352
15547,9.93695
15548,11.18856
15549,7.16824
15550,4.35524
15551,10.14557
15552,10.41415
15553,7.58007
15554,8.10744
15555,9.01278
15556,9.00701
15557,6.31527
15558,10.75402
15559,10.95751
15560,7.70998
15561,9.56862
15562,9.45648
15563,7.74319
15564,7.30419
15565,7.80043
15566,3.41609
15567,7.20440
15568,3.67204
15569,0.63290
15570,6.36450
15571,7.88934
15572,7.18548
15573,4.62309
15574,3.02902
15575,1.83502
15576,3.40275
15577,5.63774
15578,6.40420
15579,9.19678
15580,8.00460
15581,2.33780
15582,3.04543
15583,0.81646
15584,5.63025
15585,5.42131
15586,8.55457
15587,2.58548
15588,-0.05096
15589,7.28906
15590,9.03607
15591,10.04440
15592,8.86272
15593,4.34418
15594,7.36073
15595,8.51037
15596,8.73823
15597,7.67128
15598,12.92968
15599,8.79396
15600,13.21411
15601,8.05529
15602,10.24646
15603,12.62600
15604,17.67423
15605,13.52101
15606,14.35616
15607,14.22986
15608,18.78000
15609,17.51593
15610,11.10186
15611,19.35390
15612,19.21722
15613,24.18577
15614,22.52535
15615,20.90038
15616,16.75842
15617,16.32878
15618,15.08267
15619,14.98446
15620,12.69216
15621,13.51262
15622,18.22488
15623,13.53661
15624,9.58905
15625,9.04107
15626,11.35756
15627,12.03720
15628,10.29208
15629,7.86923
15630,5.03782
15631,7.92833
15632,6.44316
15633,2.99070
15634,2.59888
15635,3.67941
15636,1.17839
15637,0.24638
15638,-0.06179
15639,0.02977
15640,0.00237
15641,0.01051
15642,0.00000
15643,0.00000
15644,0.00000
15645,0.00000
15646,0.00000
15647,0.00000
15648,0.00000
15649,0.00000
15650,0.00000
15651,0.00526
15652,-0.01195
15653,0.02374
15654,-0.03194
15655,0.11936
15656,0.29808
15657,-0.10627
15658,0.21950
15659,1.66601
15660,0.15352
15661,1.14393
15662,0.75173
15663,1.20957
15664,2.03633
15665,1.86619
15666,1.48780
15667,3.45899
15668,3.85022
15669,3.17292
15670,-0.46853
15671,3.69803
15672,4.37989
15673,5.65466
15674,4.36556
15675,6.19780
15676,6.25882
15677,5.63187
15678,4.68878
15679,3.58354
15680,7.58175
15681,6.77531
15682,3.28779
15683,6.41938
15684,11.86912
15685,11.13450
15686,9.37676
15687,6.60519
15688,21.38288
15689,8.44456
15690,-1.73431
15691,13.70342
15692,18.32215
15693,6.05555
15694,3.05356
15695,13.26283
15696,12.56647
15697,5.96250
15698,5.82930
15699,11.07079
15700,8.90585
15701,7.23152
15702,10.20333
15703,12.68771
15704,5.94492
15705,6.55672
15706,10.12875
15707,12.52176
15708,6.50963
15709,5.78451
15710,7.55942
15711,15.17910
15712,10.54845
15713,7.76820
15714,7.06503
15715,11.37586
15716,11.32099
15717,9.29888
15718,11.51878
15719,8.86097
15720,4.50620
15721,1.59679
15722,0.48735
15723,9.45995
15724,4.77425
15725,7.34617
15726,9.72190
15727,5.56402
15728,2.90462
15729,4.62126
15730,7.92650
15731,7.05979
15732,11.15405
15733,9.07615
15734,2.67207
15735,4.77988
15736,0.79186
15737,6.29295
15738,7.97953
15739,8.39244
15740,7.28973
15741,3.88843
15742,4.51638
15743,1.42249
15744,1.01686
15745,3.75880
15746,2.58538
15747,1.80380
15748,4.32674
15749,6.30525
15750,8.52478
15751,5.98627
15752,9.30435
15753,3.36222
15754,5.48144
15755,5.55599
15756,7.12483
15757,4.98074
15758,5.71904
15759,5.47503
15760,6.06984
15761,7.41274
15762,7.51750
15763,6.09844
15764,6.40649
15765,7.18193
15766,10.67542
15767,6.75556
15768,6.56741
15769,0.41153
15770,4.68600
15771,5.37395
15772,3.33537
15773,2.39438
15774,8.95820
15775,3.26627
15776,0.97114
15777,4.38562
15778,3.08791
15779,3.51459
15780,7.03530
15781,1.10795
15782,0.41902
15783,2.98852
15784,2.59951
15785,-0.11367
15786,1.65997
15787,4.38096
15788,3.01583
15789,1.57584
15790,2.41282
15791,2.13076
15792,3.70550
15793,1.17107
15794,6.64064
15795,6.22394
15796,2.28809
15797,2.57661
15798,4.43596
15799,3.87391
15800,4.82934
15801,2.71109
15802,4.08085
15803,5.39736
15804,8.07171
15805,6.55674
15806,3.94651
15807,9.83196
15808,7.92445
15809,4.90700
15810,5.65776
15811,2.58363
15812,8.13391
15813,3.92147
15814,7.37660
15815,9.49249
15816,5.29247
15817,5.10259
15818,6.80999
15819,8.67478
15820,5.55889
15821,1.45101
15822,5.66850
15823,9.04902
15824,4.87161
15825,2.54482
15826,4.97169
15827,5.01151
15828,2.87562
15829,3.51328
15830,2.09245
15831,5.94715
15832,2.39275
15833,1.11358
15834,4.03645
15835,4.46446
15836,1.15075
15837,4.60263
15838,1.03443
15839,0.42180
15840,0.68875
15841,0.40762
15842,2.60284
15843,2.77285
15844,1.97203
15845,0.71014
15846,-0.66879
15847,2.46095
15848,2.08085
15849,1.23699
15850,2.25670
15851,6.70733
15852,3.24017
15853,3.11436
15854,2.88799
15855,9.90646
15856,5.03058
15857,2.58047
15858,3.03182
15859,3.04440
15860,2.49147
15861,2.40492
15862,4.63995
15863,7.23009
15864,10.89034
15865,12.35030
15866,8.22485
15867,4.18780
15868,2.90819
15869,4.88414
15870,3.56749
15871,10.15083
15872,3.83393
15873,1.97331
15874,8.95468
15875,11.94636
15876,6.50835
15877,6.99080
15878,9.09376
15879,3.47750
15880,2.50535
15881,6.63821
15882,8.64642
15883,5.62469
15884,4.84569
15885,5.74416
15886,8.68206
15887,9.31148
15888,4.68640
15889,6.68048
15890,6.70649
15891,2.93333
15892,5.39839
15893,7.21273
15894,8.18328
15895,3.09372
15896,1.25692
15897,1.49263
15898,4.54541
15899,5.13020
15900,3.37328
15901,5.02250
15902,7.78854
15903,6.99907
15904,5.31962
15905,2.40085
15906,1.88110
15907,2.60898
15908,7.22555
15909,6.35131
15910,1.91604
15911,4.03462
15912,5.35242
15913,0.29060
15914,10.05807
15915,13.08051
15916,4.41581
15917,6.51815
15918,14.19501
15919,9.24820
15920,8.79072
15921,11.19519
15922,14.41824
15923,17.13696
15924,19.40478
15925,14.74144
15926,10.44224
15927,15.78850
15928,18.58684
15929,17.51775
15930,19.91698
15931,12.84112
15932,9.74039
15933,13.40137
15934,12.43049
15935,13.94050
15936,10.92729
15937,4.00025
15938,2.91331
15939,6.67136
15940,1.76904
15941,1.72393
15942,1.25304
15943,1.04728
15944,1.03225
15945,-0.01032
15946,0.33446
15947,0.05625
15948,0.38668
15949,-0.20112
15950,0.34743
15951,2.79255
15952,5.69134
15953,8.28073
15954,6.99752
15955,4.20344
15956,3.43921
15957,6.61978
15958,8.47097
15959,10.04801
15960,16.86811
15961,8.33284
15962,5.66247
15963,6.11665
15964,4.21839
15965,3.61862
15966,3.40471
15967,2.04599
15968,-0.25723
15969,0.14242
15970,-0.04863
15971,0.05672
15972,0.00000
15973,0.00000
15974,0.00000
15975,0.00000
15976,0.00000
15977,0.00000
15978,0.00000
15979,0.00000
15980,0.00000
15981,0.00000
15982,0.02102
15983,-0.04780
15984,0.09497
15985,-0.19080
15986,3.22648
15987,1.08677
15988,-0.19595
15989,0.06149
15990,0.94385
15991,3.85820
15992,6.23151
15993,6.54461
15994,5.74459
15995,5.89181
15996,10.38362
15997,11.45534
15998,17.66870
15999,21.04222
